0.14409272075375623
0.14409778792987157
0.14410205069534618
0.14410619724022822
0.14322266699106456
0.14322476309040227
0.14322681365855833
0.14322957807565653
0.14235054025230975
0.14235745149195192
0.14236401718871633
0.1423707779222919
0.14148925486495564
0.14173054488377532
0.1414977660239867
0.14150285405896218
0.1406186114504658
0.1406194206917532
0.1406206509861363
0.14062167134275874
0.1406223514588504
0.14062425859660618
0.1407919363594366
0.14074933619472013
0.14256692280398478
0.1424041035062605
0.1424082501452826
0.14259487653876202
0.14418856262620386
0.15624174421529882
0.23565394629493847
0.23564612666896878
0.23700514327783792
0.22496064608310032
0.22495181148280924
0.22492627739318488
0.22184312161949277
0.22191896612706694
0.22181726723654732
0.22183842884593852
0.22125359030395486
0.22121800557959295
0.14405792502996417
0.1440549587869369
0.14404836308703192
0.14404121342824916
0.14410699458396198
0.14403115164712463
0.14579970482530782
0.14579542783834173
0.1457908843697701
0.14578701711912317
0.1457855722269107
0.1457814499909424
0.23235137594360444
0.23234801235746416
0.22902315795615893
0.2290207479368766
0.22901948631205316
0.2290193135220831
0.23674499157073578
0.248801607359925
0.2487874132097605
0.248799412385884
0.26174446188012784
0.24969211525744692
0.2496968722654229
0.24970433653756252
0.2738224298165704
0.2738258730169374
0.2738284450354954
0.27383116632044946
0.28256569007606097
0.2825650470037706
0.28256599281852374
0.28256227168231757
0.26943279036007955
0.2694343328649507
0.2694363901993954
0.2694376794483593
0.25719894983701225
0.2572080305590814
0.25721539740561045
0.25722605646758157
0.24746006965669048
0.2474571798396852
0.24745972968695137
0.14939092470795173
0.14761405467956357
0.14762580375940512
0.1476278770501347
0.1476296619439894
0.14497591136574714
0.14497832347310818
0.14498039677830127
0.14498247010139717
0.14409914713754082
0.1441006678833281
0.14410170451745602
0.1441028871695772
0.14322136381048536
0.143225103537065
0.14322888735322412
0.14323326277251616
0.14235071952662626
0.14235365126928154
0.14235606985959665
0.14235887864290575
0.14170859138590414
0.14147531488971285
0.1414763405870094
0.141477377161663
0.1405910824874872
0.14059039131762494
0.14059005100960728
0.14078650198522916
0.14058699136906253
0.14058563171734303
0.1405846120460259
0.14058359236675103
0.14246919507424885
0.14235513916406098
0.1423571791875291
0.1425963116088135
0.14413798915255607
0.15642622136520026
0.1564672460545619
0.15629490613243163
0.15706648989771535
0.1450065101955962
0.1451197968689711
0.14499940336074826
0.14513596260813355
0.1449867910779862
0.1450943790315351
0.14497385736188537
0.24170795108580231
0.24686074376670047
0.8119481872546145
0.24677345142846688
0.25128415413736926
0.23076280999106635
0.22565138494768097
0.14408321719177344
0.1458554607037619
0.14585459670172457
0.1458526960354049
0.14583386276305774
0.14584319295855402
0.2324199326117953
0.23241777786286077
0.23241440383086873
0.22909335059800529
0.22909093159643024
0.22908687377947953
0.22908262435849044
0.23680435363487673
0.24885980025382068
0.2488601456494782
0.24886100942736378
0.2617948301375964
0.24973773969663468
0.24973852835237922
0.24974232946047714
0.2738554038464325
0.2738565994545848
0.2738557437080442
0.27385702570613263
0.2825916613552358
0.28259354529929287
0.28259613695680985
0.2825961368938148
0.26946265732532526
0.26946100512812166
0.2694597677062475
0.2694585781214781
0.25721216834301125
0.2572132048409894
0.25721147685318807
0.25721517737031857
0.2474490205581296
0.24744970040796868
0.24745038636304512
0.24744936023895395
0.14761301787529152
0.14761606295727453
0.14761751041653703
0.1476201427254501
0.14496346440382077
0.1449657119940066
0.14496640150538267
0.14496674700269058
0.14408840031830575
0.14409444764306786
0.14410066776312694
0.14410730666971955
0.14322000363062662
0.14321817487923005
0.14321644687348975
0.1432154100584584
0.14233202028627864
0.1423340605543579
0.14233610054730814
0.14233814035011158
0.14145338666498128
0.14164118000196138
0.1414556068826512
0.14159316285273857
0.14073247649082968
0.14057220253399377
0.14057311361963037
0.1405737330712398
0.14069115723366088
0.1405769151380956
0.17946306433293788
0.17946493436349087
0.1998392398583881
0.1998395851301678
0.20005939162741257
0.19998155872129042
0.22354517723218953
0.23560069590395216
0.23560005796422887
0.23575274489384968
0.23699338122102695
0.22493541832166256
0.2251498246884943
0.22500452388479225
0.22184521767285909
0.2218387584718991
0.22181655208410833
0.22183246866030842
0.22123048765333023
0.22119543739922995
0.22122841531707976
0.22133114990633102
0.22586412520938023
0.2258139442448388
0.22567591947899987
0.2256770213215497
0.14587341436996562
0.1458708387155305
0.1458674237786701
0.1458664449132531
0.1458704931257689
0.14587477447962532
0.14588021428941336
0.14588673468461785
0.22914069309064267
0.22913736089120235
0.2291396566004777
0.2291374102064733
0.23685591763264688
0.24890785099645688
0.24890462154088663
0.2489022417672905
0.2618361380942933
0.24977930521532227
0.2497796505194522
0.24978108692933365
0.2738911019094753
0.2738894023215751
0.27388787365016154
0.2738858322938856
0.282621239760491
0.28262344989377736
0.28262481021368274
0.28257466288839417
0.26949158835617804
0.2694847565825343
0.26949659875058524
0.2695000552902021
0.2572588645904018
0.2572589917849166
0.2572603942710554
0.2572579548876941
0.24749508748859972
0.24748012853730741
0.24747492142347
0.24748321483692945
0.22210723402016277
0.2221086161964804
0.14765006062139394
0.14765120269548926
0.14499905727282209
0.14500182170360892
0.14500446989810725
0.1450082104064978
0.1441227851189052
0.14412158689597326
0.14412036614579274
0.1441189834349512
0.14323303410680546
0.14323234279225353
0.14323234266681267
0.14323234257920667
0.14234708461687573
0.14234765898899518
0.1423483391158763
0.1423491582486132
0.1414651153442426
0.14146715553130493
0.14146953581719907
0.14147259567941578
0.1407487454195988
0.14058427210859883
0.14058359240586155
0.14070357240152262
0.1405822324090371
0.14076691572492786
0.14058434447844875
0.14067541417372784
0.14235105957625624
0.14234985008137602
0.1423490199174677
0.14251848517402166
0.1441266863599953
0.1561836070145159
0.1561812273024307
0.1561779832951899
0.15704507184515293
0.14497914207269827
0.2249068295900474
0.22489835724456173
0.2218842069490002
0.22186340412080194
0.2218068509157095
0.221920625770334
0.22120433723589855
0.2212033420791454
0.22120210934790407
0.22120013785195855
0.22564183415415592
0.22564015434930068
0.2256874277787496
0.22568824893125175
0.2312836319469501
0.23128224960927585
0.23127848734223472
0.23127406764721448
0.2528414127614228
0.2579490584893603
0.823117673188516
0.25794208306331695
0.23415411850964432
0.2290341770435146
0.22902992731735106
0.22902754748656956
0.2367509764077245
0.24880602708368885
0.24880628205807961
0.24880623725411466
0.2617466000206592
0.24969128976584568
0.24969128977624505
0.24969585826686203
0.2738175811398349
0.27381753866578806
0.2738188135924414
0.2738189410688278
0.28255399338189563
0.28255320060868133
0.2825564834501451
0.2825586832904899
0.2694276395609168
0.2694307844138876
0.26943413751230205
0.26943750671811495
0.25719074272402287
0.2571911235931929
0.2571912087291258
0.25719163380606413
0.24741997681248748
0.24741816729852445
0.2474187672135412
0.24741774223359647
0.22203825005157085
0.22203950362824357
0.22204054027029796
0.22204157691930673
0.20022075979581458
0.20022231479710037
0.20022369702023854
0.20022397017884982
0.1923772259710308
0.19237961157082922
0.1440552262608332
0.14405971855497815
0.14317750612224156
0.14318107609750994
0.1431860373709166
0.14319246530958032
0.1423049920270283
0.14230302563450012
0.14230095212042504
0.1422987058639397
0.14153035662516864
0.14141173871132318
0.14141088881007752
0.1414100389458318
0.1405256254475692
0.14052664535766604
0.14052784448608685
0.14052888110782016
0.1405276715793496
0.1405274987584962
0.14052836263825602
0.14065126155028165
0.14229411237541592
0.1422919027812701
0.1422897214386437
0.14228748302239216
0.14406718944193825
0.1562677294163831
0.15612891236348775
0.15613124953182395
0.23694379306997063
0.2248851552696712
0.22499663494124353
0.22488209548472354
0.22186776189422244
0.22183345676235144
0.2217901410856524
0.22185024920284238
0.2211847281249881
0.22118625800866532
0.22118694644119413
0.2211869463893874
0.22569695493321323
0.22562037025147683
0.22567718749825974
0.22561361544579075
0.23126505819339405
0.2312610837597096
0.23126208335828374
0.2312605654548788
0.2323887456773008
0.2323966993616404
0.23240559210313408
0.23241590837002427
0.22909520383864398
0.2290938695731974
0.2290983617306548
0.22910234306686958
0.23682170694696184
0.24887621403482624
0.24887379500874335
0.24886861149214806
0.2618072390617787
0.2497521884120318
0.24975099850276566
0.2497518484714616
0.2738650656398064
0.2738676431032393
0.2738669666065399
0.27387070312039974
0.2826030508489088
0.2826025407522067
0.2826022006968831
0.2826008407662995
0.2694668796939169
0.26947068081447395
0.2694742166244202
0.26947659658856976
0.2572299662711492
0.2572331961894475
0.2572360862221349
0.2572386037389843
0.24747336648864304
0.24747543971811303
0.24747723855262424
0.24747906817996296
0.22209553646986444
0.2220979163239705
0.22209791623823436
0.14763928068056148
0.14497336147333076
0.14498385255149096
0.14498488914421484
0.14498523463995597
0.14410205006242627
0.14410274115806054
0.14410360504576258
0.14410458693982459
0.14322170362527634
0.14322422227046286
0.14322646823955515
0.14322888705492523
0.14234391948608482
0.1423436294466526
0.14234362925093502
0.14234362912002654
0.1414590622559655
0.14158746206768535
0.14146148109930284
0.14146273586247274
0.14079474552535268
0.14057883276310892
0.14073178044219745
0.14073283414487392
0.14067136356561305
0.1407335165459518
0.14075471674546844
0.14074448925898325
0.1426065626838814
0.1423554785906454
0.14253700531121252
0.14235921842383434
0.14413484593990333
0.1563048220508772
0.15634265871052272
0.1561771473182689
0.23697904120358468
0.22499361980433177
0.22495308431594827
0.22489680201366252
0.2217972271466828
0.22178691418388588
0.22181908862604427
0.22182221610416045
0.1440403672060818
0.14403949218999773
0.14403756376532253
0.1440968631224244
0.1440250036528002
0.14401522727485802
0.144006876118159
0.14400001515146105
0.14576530082088157
0.1457617522992484
0.1457590297341325
0.14575654636146454
0.14575732042708442
0.14575991215717737
0.23233466481837567
0.23233403688646326
0.22900834180107613
0.22900428141472062
0.22900136906522892
0.22899984978350119
0.23672934519018873
0.24878919808095884
0.24879358094609927
0.24879799505331046
0.2617447858193381
0.2496944770811124
0.24970241657701894
0.24970954311222923
0.27383679808904965
0.27384772996079715
0.2738535905642904
0.2738674847403503
0.28260033072298935
0.28260050077576554
0.2826009942432288
0.2826019456687002
0.2694716058125422
0.2694755767262007
0.269475406795982
0.2694819119346286
0.2572372759213539
0.2572424047389346
0.25724526542353837
0.25724832535036213
0.24747893869595705
0.24747561265616164
0.2474602395790731
0.247475957975886
0.22209928604233217
0.2220921366402893
0.22210619759399275
0.2221098258572504
0.20027898729197108
0.20029825566716594
0.20030318544477088
0.2003094751087111
0.1441304256422112
0.1441280458671032
0.14412566626237178
0.14412328675539757
0.1432382182307938
0.1432385633669242
0.14323836283377342
0.14323904317315406
0.1423550336348604
0.14235641548833589
0.14235785878920315
0.1423595586871426
0.14166568530411175
0.14147973531531968
0.14162643163257854
0.14148498029951773
0.14087038815247793
0.1407089193523965
0.1406039907052685
0.14060603093903382
0.14087705694801608
0.14061181678529677
0.1406156178258345
0.14075354674204307
0.14238751577204967
0.14249838379783508
0.1423895891154616
0.14239049698998632
0.1443096138866297
0.15639551229015514
0.15656499596300136
0.1562271241745981
0.15739547709990187
0.14503983420728142
0.22497066035603727
0.22496522151332612
0.22185099853750434
0.22197916622173872
0.22199360200803211
0.22186051768501996
0.22135427463766894
0.2213028412110134
0.22125329548609637
0.2212524063722614
0.22569458058822828
0.2258269520089913
0.22594739578218978
0.22586631479660646
0.23134738818511838
0.23134597315583438
0.14589279361262095
0.14589191850343672
0.1458897340513714
0.14588718453800636
0.14588803483069793
0.14588742695433046
0.1458836250724467
0.14588569805112075
0.14588684371711205
0.145886734693438
0.1450078699717324
0.24892044685418108
0.24891839035443433
0.24891873017129654
0.2618512628113377
0.24979399098552799
0.24979329978024067
0.24979264578733082
0.2739040207026633
0.2739030778370185
0.2739025593636237
0.2739021508896179
0.28263604976967127
0.28263604960550276
0.282636395052751
0.28263656775769264
0.2695003990802288
0.26950195407312943
0.2694859456331753
0.269502818154212
0.2572561444909941
0.257227416410834
0.25725726392369835
0.2572586944096205
0.2474685691074599
0.2474925451648485
0.14942534734915774
0.1494277657578836
0.14765794098890436
0.14766162027778912
0.1476636609349761
0.14766381682342758
0.1450097704381935
0.14500956986130967
0.14500804268037687
0.1450088899759355
0.14412554936934363
0.14412566629762388
0.1441263464693122
0.1441262404691804
0.14324340115382428
0.1432461654362976
0.14324892979894394
0.14325273089744903
0.1423677183481016
0.14236816506410813
0.1423681646419063
0.1423745179554155
0.1414906147238353
0.1414916347495774
0.14149265465240835
0.14149367447865085
0.14060909078097591
0.14061045048267348
0.14061147123253537
0.14061285330829026
0.14075185543521962
0.14060909015125198
0.14090079925505006
0.14060671040770822
0.14237315814652138
0.14237300283580923
0.14237281831370466
0.14260349077343615
0.14415116455661214
0.15643028785158
0.15643817742045096
0.1563655694638461
0.15708824877225283
0.1452767741967428
0.145030988437605
0.14523681190125998
0.1450309885225788
0.1450306489583837
0.14514929699304227
0.14502996883368216
0.2417293193931866
0.24683882152789827
0.8121333018745739
0.24683185134465863
0.2512736576048707
0.25148672314379666
0.2512709374656682
0.2512692377360789
0.2569212649742847
0.23646575765812877
0.2313527731490724
0.23135345377786148
0.23247436026795384
0.2324736686391796
0.23247297719355905
0.23247251515802453
0.22915147071425862
0.2291510605330439
0.22915036905172742
0.22914994058234245
0.2368720103050523
0.2489252853974599
0.24892332070491896
0.24892148369076908
0.26185402768082233
0.24979519631587682
0.24979349654479432
0.24979399148730547
0.2739015228727587
0.27389979490362
0.2738979009614378
0.2738979009092398
0.28263024874247433
0.28262888908146844
0.2826277562912093
0.28262616940158153
0.26949427592523967
0.2694956359085737
0.2694973357489274
0.2694963157392626
0.2572296265346277
0.25722282698706544
0.2572182373111305
0.25721568743120726
0.24744919060265033
0.2474672095177371
0.24747468921859694
0.2474777491217856
0.22209825676611555
0.22209928646161048
0.2220994466018697
0.2221003233879746
0.20027989719492553
0.2002822769267304
0.2002832970610766
0.20028762707721393
0.1924416523178085
0.19244386235422586
0.1924478610937412
0.19244879194858341
0.18240036273970356
0.18239967138233787
0.1823993845268265
0.18239863467107187
0.17735417943009213
0.17735625271891894
0.1773584545476772
0.1773605727005438
0.1414698754589674
0.1416548648822807
0.14146647584570107
0.14146217304804673
0.14077753871284834
0.14057169283752355
0.14056948539678343
0.14056676304813023
0.1405672729918795
0.14056897277546185
0.14057000330118033
0.14057242213673413
0.1423400094164609
0.1423398394185016
0.14253711625918034
0.14234155556114345
0.14411563623794554
0.15617055292866566
0.23558696904606793
0.23580185847590213
0.2369800771976805
0.22492255298105593
0.22504394814288356
0.22512482888683705
0.22203643593371303
0.2218257090470183
0.22182005910332592
0.22181447831098625
0.22120854408744828
0.2212069965059059
0.2416614924664057
0.8119447254408941
0.8163891209318563
0.25122113023986414
0.2512287798594977
0.23078202134515996
0.23132574454018914
0.23133679424385667
0.23134019414269236
0.231347734503192
0.23246675701033487
0.23246537498756398
0.2324672451019228
0.23247090392898112
0.2291594596349301
0.2291686840414123
0.229175438903444
0.2291828525799032
0.236893768333261
0.248942563190716
0.24893674943487343
0.2489319899132372
0.26188237517517565
0.24983803394632936
0.24985308344435367
0.2498672512407593
0.2739797933627998
0.27397813648293234
0.27394765587734876
0.2739696373787083
0.2827128649726983
0.2826972153762989
0.28273246275656655
0.28274317539589267
0.2695867910953
0.269598989735741
0.26959059262101454
0.26957020383367
0.2573198111540665
0.25729389360432026
0.2572850815603135
0.2572714433122672
0.24751811656377126
0.24753366689786394
0.24755050435297338
0.14949929885177382
0.1477330167428086
0.14773675669509512
0.14773984126436746
0.14774260574907716
0.14508268521456286
0.1450779063078159
0.14507314696944815
0.14506851734233528
0.14418567791830042
0.144186863210522
0.14418844285636523
0.1441895831853389
0.14330330009924616
0.14330194044208244
0.1433007663266037
0.14329938348866378
0.14242211568391747
0.14243036722513483
0.14243877550476525
0.14244727692708312
0.14156480976168426
0.14156779408046052
0.14157103053437045
0.14157391405587627
0.1411011199003802
0.1406723302387622
0.14066485045342747
0.14103232763313334
0.140881629683581
0.14081958629254296
0.14060399129450166
0.1408197270919212
0.14261052318365716
0.14236539981527524
0.14236873836699176
0.14237179894321889
0.22356312263501182
0.235747237379307
0.23586294578643582
0.23560600803254855
0.23699666462178856
0.2251263350729361
0.2249300622736101
0.22492442274922464
0.22183452111714355
0.2218292881628702
0.22182645959462755
0.22182449983237013
0.22133600353694532
0.2212805710046077
0.2212570847073988
0.22120087729947946
0.22565069389251274
0.22581288949488618
0.22566359260216876
0.2256686924002084
0.2313147328424812
0.2313083397470967
0.14584831615333455
0.1458414653462494
0.14583973745151385
0.14583559063185222
0.23240944839916117
0.2324061102455279
0.14583482659140204
0.14583737661160254
0.22909095376933036
0.22908925387219067
0.23680511992947584
0.24885600403153005
0.24885362418018508
0.2488523701656122
0.2617880303709184
0.2497328262101395
0.2497352451184299
0.24973800959528414
0.27385506362761947
0.27385506365249324
0.27385655609212434
0.27385625368705385
0.2825906411468153
0.2825892548555701
0.2825926812254818
0.28259406343936394
0.26945962259756606
0.26946520701141985
0.2694680968816824
0.2694711990584041
0.2572248664588924
0.25722512640211553
0.2572265664279238
0.2572266814538938
0.24746075316792232
0.24746006946087443
0.24746230808997846
0.24746299916318387
0.22208380703826344
0.22208567705997667
0.22208753700007372
0.22208943750498333
0.20026741086659694
0.20026913862812123
0.14497763219346735
0.14497901441032446
0.14409824879982616
0.1441018672112571
0.14410550622500493
0.14410900688840525
0.14322102369290993
0.1432196640032217
0.1432185206976768
0.1432192115629585
0.1423344002523455
0.14233508044244006
0.1423354205409455
0.1423361005438357
0.1414508370428552
0.14145117698559428
0.14145185687566908
0.14145219677616766
0.140568103050354
0.1405693127252891
0.1405706944067394
0.14057207655852755
0.14057186257267695
0.14073127715730588
0.1408193556569423
0.14057484112016982
0.1423427651189079
0.14234362896970493
0.19983543828158154
0.19983645858475654
0.22352942927189867
0.23560242396668804
0.2560605226530254
0.26117527487190634
0.8277328454110291
0.25049708977070667
0.25049149818831934
0.2301349837432749
0.22183048643189826
0.22191864809691694
0.22182286398853768
0.22188283586743024
0.22126646267315464
0.2212080203078407
0.22127959063106273
0.22124053288291387
0.22557253197955127
0.14405608350373908
0.14407500941608353
0.1441675854068613
0.14578742779482015
0.14577742674010982
0.14579802380444423
0.14579580766306968
0.23236901971384488
0.23236499145241787
0.23236389128862212
0.23236032298811854
0.22902652750609429
0.22901858049446305
0.22901443700105875
0.22901220779217232
0.23673835461572326
0.24879574265003335
0.24879786751974156
0.24880037487080775
0.261743025625831
0.24968967484535706
0.24969252475548048
0.24969790052631272
0.27382231545627655
0.2738313443674844
0.2738395903815719
0.2738459464241451
0.28258339420893663
0.2825842148839219
0.28258659761425514
0.28258672788834177
0.2694596086137114
0.2694655471957815
0.2694718636430477
0.26947838151146414
0.25723186494767386
0.2572316920518386
0.2572332470045722
0.2572330260253823
0.14939960267460778
0.14940562904658208
0.14940599586485145
0.14941225856512538
0.14764550113774108
0.14764722877130979
0.1476499931586727
0.14765176051598664
0.14499359031862857
0.14499093670567592
0.14498938153241014
0.14498903588105344
0.1441035671518952
0.14410274168244638
0.144101867594575
0.14410135971929466
0.14321748379267732
0.14321898386256846
0.14322068400165114
0.1432226674753893
0.14233810042164055
0.14233847983151043
0.1423394997325928
0.14234034957375322
0.14145768006191997
0.14146069573089687
0.14146355482843057
0.14172937677179268
0.14058140675706468
0.14058189196209483
0.14084536650395846
0.140859415638061
0.14057849247251464
0.14070543856064066
0.14057390284858237
0.140572077141806
0.14243883097891644
0.14234086471546722
0.14234190127973267
0.14248807128345906
0.1441217471729847
0.1563093280810573
0.15616001282753939
0.15615198803471167
0.23696815523220022
0.22490725500472084
0.22490172591593466
0.22494666099663987
0.22182992461589937
0.22176606324971182
0.22178164964327157
0.22181103445593134
0.22116364930969196
0.22115922521057846
0.2211557880682467
0.22115191660171651
0.22559097851074375
0.22558716731228698
0.22558396806341344
0.2255815180703364
0.23123453214425171
0.2312322927079734
0.23121459253064888
0.23120425999358699
0.23232764329580707
0.23231816411003633
0.23233376068099362
0.23234118740104354
0.2290222940120039
0.2290201954477008
0.22901862304273085
0.22901743311604036
0.1448899818139757
0.156945143906877
0.1569476060365797
0.15694843224276242
0.15960729655987524
0.14755500633478782
0.1475592864176735
0.14756277807161827
0.15111574286397708
0.15110794549968898
0.1511218156998912
0.2738406442328047
0.2825720338259696
0.28256905261967036
0.28257147498719903
0.2825719474234101
0.2694426442846232
0.2694475282274702
0.26945245800268725
0.26945742545019624
0.25721220252720756
0.25721415760915534
0.25721602756085404
0.25721772741472687
0.24745436065107804
0.24745819997405033
0.24745972981432862
0.24746438174454838
0.14763102201641343
0.1476354796097207
0.22209531209251798
0.22209703983095488
0.20027345816724795
0.2002722486539262
0.20027105711216436
0.20026969728735397
0.1441001675848667
0.14410730751843656
0.144114491156626
0.14412174771038472
0.14324006254159768
0.14324346252300119
0.143246862139159
0.14325065780549162
0.14236159851109922
0.1423588338820529
0.1423553781709574
0.14235226806140266
0.1414753145447207
0.1414844945665517
0.14149401442829657
0.14150421428119522
0.14061861157063632
0.1406190752000917
0.1406194199898767
0.140619970648787
0.14061596454056866
0.14090375593280016
0.1408657149731212
0.14076399773880072
0.14237995736919
0.1423844059753239
0.1423885525856371
0.1425974520627971
0.14416238393047076
0.15620910538570076
0.15634989936755672
0.1561843309284651
0.15703378113691746
0.1449778051673552
0.2249831502542355
0.22489937060726795
0.22185596234029997
0.22180266882961588
0.2218000006334524
0.22179890651670098
0.22121655489558686
0.22117743526067107
0.221205785446635
0.2211648393323913
0.22558855112525578
0.22557450727823422
0.22556352551035347
0.225554097641335
0.2312035378853557
0.23120115530909183
0.23120133349087266
0.14574563603314136
0.1457496617980115
0.14574810898382856
0.1457457872164591
0.23231816411003633
0.22899762929391435
0.14573572263270282
0.14573572263270282
0.14573572263270282
0.1448576244016038
0.1569184715387234
0.15691914009288008
0.15692389161283063
0.15958508638672206
0.14753422109038133
0.1475398761318512
0.2496877084975013
0.27381278563542516
0.27381073904175773
0.2738313456310401
0.2738414122067455
0.28258106530145355
0.28258698429022083
0.28259337260582706
0.2826003308367938
0.2694672471590986
0.2694684370149884
0.2694696441310731
0.2694709399229997
0.25722384658061187
0.2572223619566901
0.2572240896750388
0.257223744030172
0.24746040941225833
0.2474623080614938
0.2474662819998641
0.24746941875906983
0.14763375155215158
0.1476399716495461
0.14764530106672313
0.1476505118377633
0.14499905745937258
0.1450032040895041
0.14500684973199632
0.14501160994285514
0.1441304261435218
0.14413349710349246
0.14413660687035884
0.14413937119885475
0.14325876133125373
0.14326386139272512
0.14326862753038186
0.14327406106136129
0.14237859851195478
0.14237023847882066
0.1423629811737052
0.14235717882774815
0.1414732753209101
0.1415995455955364
0.14147668629889604
0.14161207205279505
0.14059515159203967
0.14059753243597653
0.14059972328701661
0.14082252960640107
0.14079269819500023
0.14077636552792228
0.140610110095922
0.1406142355198791
0.14238097700776364
0.1423806371032029
0.14238029720195086
0.14237995730707326
0.14415768627644895
0.1564169690452229
0.15632720881819964
0.1562111564926222
0.15734706788184868
0.14523322631472219
0.1450167085679603
0.14500922944825984
0.14499597045390494
0.14505115866062407
0.1449808654095602
0.1450316067908288
0.14409375692560727
0.1440943028874567
0.14414094142106196
0.14409082017015645
0.14408559212424488
0.14407857906393903
0.144123261652775
0.1440668497694237
0.14583455438453455
0.14583092581375134
0.14582427359481104
0.14581716857443416
0.14581082801873665
0.14580619988381716
0.1458046627986372
0.2323785515129968
0.22905797559360994
0.2290574119970162
0.22905698000847466
0.22905706637168471
0.23678097949883412
0.24882166612581957
0.24883322548366668
0.24883975711112827
0.261777788551369
0.24972453270823267
0.24972813504125135
0.2497162368174446
0.27381910978939195
0.27383085491290066
0.27383098445861787
0.2738346650170282
0.2825672325516908
0.2825728443969456
0.28257430190242144
0.28257665978134816
0.2694442985886882
0.2694438441940146
0.26944463862224777
0.2694437887252036
0.2571997276428237
0.2572028376321008
0.2572058278326943
0.25720940334126263
0.2474403649793575
0.24743797096778417
0.1493689110758934
0.14936919293297404
0.1476012738257981
0.14761992916570468
0.14762728224448973
0.14763034221184324
0.14497866932709716
0.14498005142668072
0.1449871309861677
0.14499053118984434
0.1441100273664224
0.14411276323920771
0.14411529678807056
0.14411829228517015
0.14323407078738737
0.14323579842844558
0.14323752612776894
0.14323938237438394
0.1423602386945285
0.14236643662700493
0.14237315797690064
0.14237995780460633
0.14149537408224952
0.14149639382142895
0.14173954421143745
0.14149845672783437
0.14074438066088776
0.1406131986859733
0.17461488138391196
0.17449470476443657
0.17956838536001457
0.17948788235806903
0.1794708837472187
0.17948461713638442
0.1998442787527296
0.2000154557074531
0.20001566443649182
0.19984342835839827
0.22354466810664367
0.23559750970735438
0.2356107691023335
0.23584212346046182
0.23700392165345038
0.22494077502903415
0.22491728322393406
0.22501391742509186
0.2218327234015033
0.22185850630337572
0.2219101459464892
0.2218598349539369
0.2212340457351646
0.22119446126359696
0.2212289903054012
0.2211853513116208
0.22562028631081055
0.22561282553906553
0.22560755563411464
0.1440329088150141
0.2312602198502127
0.23126039259976802
0.2312599606167559
0.23125961840731296
0.2323812301352535
0.2323780330699336
0.2323788502994096
0.23237749047541212
0.22905457585283373
0.2290520557577089
0.22904730421458372
0.22904505644061848
0.2367672104830574
0.24882285612517285
0.24882498107019452
0.24882761598581368
0.26176380713265723
0.249709861413203
0.24971252458825582
0.24971399318143142
0.27383307575029203
0.2738358656708086
0.27383647035184494
0.27383672947574117
0.28257242257406784
0.28257398231491826
0.2825743648823419
0.2825769152980769
0.26944641492638194
0.26945001262082185
0.26945381810832464
0.26945755788586606
0.257210417786374
0.257212627908618
0.25721493285441843
0.25721568759413077
0.24745073232130738
0.2474521144003101
0.24745332373264892
0.24745436031209378
0.22207371439588247
0.22207411774831287
0.22207440557194386
0.22207445775186344
0.1449612182073549
0.1449628222528017
0.14496384223894934
0.14496452217805686
0.144078749033109
0.14407738936035028
0.14407602939999997
0.14407466953883438
0.1431919558941095
0.14319502237719228
0.14319882336974385
0.1432038546425595
0.14231598417794952
0.1423133923324976
0.1423113188694567
0.1423094182100081
0.1414256780121509
0.1414270979848911
0.1415540991095431
0.14143077769271184
0.1405451743136513
0.1405451743803934
0.14054517442946962
0.14075263144593803
0.14054534429272386
0.14054687420501522
0.1405484056409931
0.1405499605623792
0.14247301933437723
0.14231757089865385
0.14231791093504975
0.14241204069877292
0.1440962575809947
0.15615368869800528
0.15615436897051654
0.15615538871442933
0.23696910473445978
0.22491116434640093
0.22490980459531057
0.22490915651398985
0.22182432746374323
0.22182294931558777
0.22194564417283946
0.22181758846956817
0.22125417346127296
0.2212042768004094
0.22120090946178655
0.22119696790256688
0.22563508732188944
0.22563194672942677
0.2256290093726197
0.225694578473833
0.23127696857225144
0.2312764976575978
0.23127395605097262
0.23127395600205053
0.23239856916917256
0.23240196899868684
0.23240282742240004
0.2324070687215467
0.22908367501664223
0.22908004650089303
0.22907745470541835
0.22907589961969405
0.2367978934095794
0.2488527156031394
0.24885064217785158
0.2488453795005014
0.2617828409757896
0.2497269515032019
0.24972772900550466
0.2497290248556495
0.27384709617157155
0.27385436971251736
0.27386045331661013
0.27386687825221717
0.2825994199062888
0.28259795096716234
0.28259700103353574
0.15292135444038601
0.1511533773191973
0.15115371721119275
0.15115422709066206
0.15115422700773076
0.15026743357935335
0.25721755689515036
0.2572178969047128
0.2571993817725006
0.24745089031671366
0.24745384224074207
0.24743207148555513
0.24745734990222176
0.2220780341307662
0.22207786122706977
0.2220607557010999
0.22207717744363445
0.2002556616969786
0.20023807932630625
0.20025652565910276
0.20025721672138844
0.19240000445509942
0.14408248845495267
0.14406446984055316
0.1440835630199084
0.14320210612472173
0.14320538883431794
0.14320884436263645
0.1432125238830361
0.14232669657076824
0.14232624050388404
0.1423257307137341
0.14232556086851195
0.1414399575023199
0.1414394476305592
0.14143978768089208
0.14143971134271024
0.14055410761877443
0.14055418381774445
0.14078513298774165
0.14065507991300172
0.14055520358136525
0.14075161243488682
0.14055979353405368
0.1405618338325444
0.14252563911006302
0.14251702928108068
0.1423272606367976
0.1423267507139707
0.1441037783245008
0.15615966759996613
0.15615776808625242
0.15626652523536302
0.23696213474506994
0.22489948001955462
0.22489360531619818
0.22488859456168006
0.22179694068404118
0.22182094002781116
0.22178708512157413
0.22182046465558306
0.22117812269221224
0.22117509544480204
0.2211713026180264
0.2211668592118962
0.22560707100768013
0.225604155720162
0.24605679611299672
0.2511670104190008
0.8219823626084837
0.25680216338051437
0.2567985245381198
0.25679335185499597
0.237459038153759
0.23234442752559606
0.23234265602277912
0.23234209447350207
0.2290211276957042
0.2290206203884407
0.22901974543632925
0.22901935667143097
0.2367433268278412
0.24880016240443278
0.2488010548506369
0.2488023064334187
0.2617406032783067
0.24968725490613225
0.24969183826760166
0.24969592819227945
0.27381733463975444
0.2738227268620567
0.27382744050775626
0.2738288234015837
0.2825684054399624
0.28257160245620017
0.28257419357163094
0.2825782320559886
0.2694458574994498
0.2694471032775301
0.2694496877699678
0.2694496013301577
0.2572065925554188
0.25720923034722754
0.25721268593545343
0.2572152776216404
0.24745089021365818
0.2474529782475161
0.24745608819638532
0.2474581997517313
0.22207802786282152
0.22208023808963837
0.22208091823236378
0.22208312815950992
0.20026391893644457
0.20026326521737647
0.1449762520158528
0.14498039734154206
0.14409894042539384
0.14410170477858184
0.14410412360811603
0.14410662688513975
0.14322340343025106
0.14322510328510227
0.1432275049117684
0.1432292325976832
0.14234639354734357
0.14234846686445934
0.14235071911348032
0.14235241964357698
0.14146597447201825
0.14146443636069764
0.14146307655972074
0.14146171688696793
0.14057815383260117
0.14058053386602276
0.14058257367592014
0.14067647057453714
0.14058676430918776
0.14058937201357458
0.14059211975741837
0.14079845218957243
0.1423609182319947
0.14235989828821158
0.14235887842965994
0.14257538217743773
0.14413626098734675
0.15619215036694964
0.156192150316567
0.15643838588739345
0.15706818964869476
0.14500888979837767
0.14500583057997685
0.14522311390797585
0.22203714244414702
0.22200870505167172
0.2219937097118418
0.22184454027393583
0.22129509989817328
0.22123038502342002
0.2212274805566473
0.22122515849459307
0.22566622734235775
0.2257102949455807
0.225799469362189
0.22565951287135716
0.23131525142733836
0.2313195707696317
0.23132492685321562
0.23133118406619196
0.2324439563253157
0.23244118496718905
0.23243669256128327
0.23243256687169553
0.22910855532801735
0.2291079524366694
0.22910786440710243
0.22910574279494236
0.23682033233127603
0.24887181325252633
0.2488693030331124
0.24886603349203162
0.26179925547670985
0.24974371151839012
0.24974630319150423
0.24974963862694752
0.27386644796998566
0.273871804148696
0.2738749141692659
0.273878801716729
0.2826171297450444
0.28262147239324137
0.2826253265891432
0.282630248977182
0.2694959754981207
0.2694959072456086
0.2694963153756637
0.2694975053564379
0.25725225330128654
0.2572546720886298
0.25725648456184075
0.2572595448873714
0.24748770790694313
0.2474842519203423
0.24748200552833188
0.24748046829412534
0.22209997724549302
0.14764173116311027
0.147643091064689
0.14764394572357709
0.1449918903559124
0.14499529030179859
0.14500147641336478
0.14500922957763454
0.14412796806256256
0.14413042562704662
0.14413315122623252
0.14413556998980007
0.14324858413161953
0.14324686152843058
0.1432468615031207
0.14324652152278752
0.1423640172465342
0.14236609059909627
0.14236885509362845
0.1423712740326474
0.1414861943485796
0.1417322025129547
0.14148959445257822
0.14149299443856114
0.14060909075369457
0.14079915512318872
0.1406131710079216
0.1406156192443608
0.1408744667338093
0.14080971454404
0.14061319897664404
0.1406138507877906
0.14257328583842027
0.14236601951625055
0.19985721017853542
0.19985311841573944
0.2237282249117986
0.23562368739959202
0.2356253877875645
0.23582230469274193
0.23700276300262224
0.2249322764262253
0.22500897506149253
0.22491017682280504
0.22185594606375694
0.22178697102337888
0.22179589683046955
0.22181093236949354
0.22117094020828912
0.22119395498194136
0.221165370901472
0.22116389544929194
0.22560239948101765
0.22559326253367395
0.22559134691610738
0.22559126012444985
0.23122229828389954
0.2312194083740282
0.23122519563809973
0.2312298101979742
0.23237699651129198
0.23238944992069377
0.23239493702330744
0.23239984640645772
0.22906583672629233
0.2290544058299689
0.2290528759546732
0.22905240134945146
0.14491947501881233
0.15697962542395938
0.156983280195859
0.15698795495398105
0.1596489401181646
0.14759565357748985
0.14760161558846016
0.1476110403393748
0.15117089580618479
0.15117984330534895
0.15118704581211465
0.15119434465575615
0.15296708142578616
0.15296947499339578
0.15297156222912298
0.1529736354250359
0.1512071802250917
0.15121141324773837
0.15121525319073556
0.15121867000127923
0.15033202969933046
0.15032998952647902
0.15032828980406815
0.15032693011749512
0.14944608633094128
0.1494498820441144
0.14945368310136767
0.14945748421994784
0.14768835061806126
0.1476894982935278
0.1476908586239
0.14769255861862052
0.14503812793013504
0.14504017978323136
0.14504225297365494
0.14504526775325097
0.14416390736879
0.1441671440730727
0.14417122395034382
0.14417600191163366
0.14329140059360174
0.14329276177669037
0.14329385577275136
0.14329489147838076
0.14240859632331707
0.14240755930692903
0.14240617686786158
0.14240548560758673
0.1415226465682772
0.14172488066349814
0.14152817565229017
0.14153141222908633
0.1406446463420125
0.14064580919680728
0.14074196659507562
0.14064818963752254
0.14101404140128151
0.14065294879708326
0.14076237173888334
0.14075568787729031
0.14242211584504208
0.14241735639854788
0.14241327715688487
0.1424089427299935
0.22358454748754017
0.23580496596845754
0.23562062761089286
0.23561076845406867
0.23710029753745998
0.22502454320397383
0.22492824773504802
0.2249192261945076
0.22181620655717718
0.221834975646957
0.22179711267792235
0.22182630292066435
0.22121385658736598
0.22117379227891154
0.22116703644131308
0.22116534939524232
0.2255990766796297
0.22559530555530496
0.14401758871290601
0.14401177281052602
0.14578184648927114
0.14577779558376033
0.14577413224156618
0.14577125046695166
0.1457700847317153
0.1457693806029296
0.14577053832703937
0.14577032233323628
0.14576621873656415
0.14576347345269777
0.14576617554347587
0.14576436589268987
0.14489400588388932
0.15695417167853296
0.15695888394268848
0.1569639436925773
0.15963030394330516
0.14758113952411772
0.1475883545388463
0.14759522131179173
0.1511499206621132
0.15115748922741082
0.1511626007321354
0.15116721373912392
0.2826191172258291
0.28262200449408226
0.2826255964039999
0.28262918362681866
0.2694992050693103
0.2695033366125893
0.2695067921447241
0.2695112794875981
0.2572659029151666
0.2572677038268574
0.25726974381452783
0.2572714436417589
0.2475039486708282
0.24750341706638457
0.24750325795526698
0.24750325768229814
0.22212520340895678
0.22212727668105983
0.22212970401540333
0.22212919450979357
0.20031797572934523
0.20032736784492858
0.2003363351007847
0.20034257315682963
0.14416714462344793
0.14417190420459325
0.1441736037182047
0.14417531064909728
0.14329616003665455
0.14330160051460594
0.14330836892158771
0.14331424317155195
0.14242857665135827
0.14242760416018613
0.14242653745217423
0.14242622231872168
0.14171277250775519
0.14185735093651775
0.14185895382036998
0.14154372710260946
0.1406607692131838
0.14075434751122054
0.140665530418851
0.1406682502987056
0.14081956974783957
0.14066756968166538
0.14081844949171712
0.14066892993311259
0.1424387770336413
0.14244149687907223
0.1424442165354159
0.14266285506376317
0.1442259636596781
0.15628118560164686
0.15627820129332481
0.1562747445908981
0.1571412891200614
0.14522146286743456
0.14519277119767854
0.14526238722648332
0.24240022270858663
0.24748496101543632
0.8125743421531745
0.24744510368953337
0.24686438522392334
0.24680404683691196
0.1492241876299011
0.14412604593546827
0.14408457584025838
0.14408316870803506
0.1440802801794058
0.14414962911910298
0.14584651747738026
0.14584284777215373
0.14583854725559436
0.1458348266909159
0.14583369039390262
0.14582819707949957
0.1458285370682325
0.14582972696028268
0.14582955691352673
0.1458281969960022
0.14582768707647653
0.14582785711343593
0.14494820344745799
0.15700397653101414
0.15700173020134292
0.15699832426744037
0.15965041978919906
0.1475961742773956
0.14759867719995978
0.14760161438755293
0.15114822623011356
0.1511540533999815
0.1511579088339355
0.151161111834155
0.1529360585212201
0.1529404613885276
0.15294486721083858
0.15294935944961008
0.26948899551211924
0.26948679561366107
0.26948577583122907
0.26948502174704375
0.25723897555065284
0.25724067666396006
0.25724205884035883
0.257243565341292
0.1494077234058068
0.1494094510541446
0.14941014206244196
0.14941055831592645
0.14764204529901717
0.14764360100906898
0.14764326096155797
0.14764446400223594
0.14499596988691335
0.14500147613539274
0.1450065092208287
0.14501194916256616
0.14412226649440435
0.14412158707701594
0.14411801735324758
0.14411552813237566
0.14322867365612707
0.14322750555963654
0.14322612337642132
0.14322442333162255
0.14234069199442634
0.1423419013216847
0.1423432395593862
0.14234466619400046
0.1416817153958113
0.14156944348115266
0.1416337831623276
0.14145733438224503
0.14057138530296276
0.14057103971251278
0.14057101255984036
0.14077205653467406
0.14057254276438164
0.14057645315902326
0.14070643803670327
0.1405842725394608
0.19983785771137766
0.19983373903079388
0.19981385010490912
0.20001566087953046
0.2237049458383129
0.23557650641930225
0.2355870074178905
0.23556138807879484
0.2369778308602218
0.22505480428499103
0.2251403233176694
0.2249247629664357
0.2218389287390909
0.22183622793434019
0.2218080368049392
0.22181883408588382
0.22119501271937644
0.22115662330763441
0.22117652205042634
0.22123618345412258
0.2256150291881557
0.2256178094824618
0.2256100898103431
0.22558568050985303
0.23122240129907254
0.2312111938450248
0.2312177586022656
0.23120820727459737
0.23231816411003633
0.23233416807208804
0.23233423286402952
0.23233148994329686
0.22900754267619952
0.22900343018570474
0.22900315832609042
0.22900164529647582
0.23673342493130367
0.2487951052047611
0.24879930433828384
0.24880377521878244
0.26175059016074936
0.2497005591407445
0.2497082247724075
0.24971430008668824
0.2738380521252199
0.273845431034159
0.27384870898494024
0.27385404379779893
0.2825943227079959
0.28259705090057347
0.28259769198528917
0.28260322094935564
0.26946921204076346
0.269469643950898
0.26947083514905856
0.26947280541799606
0.2572276522533238
0.25722962620195466
0.2572330261473462
0.25723659614234534
0.24747009929262878
0.24747094907608028
0.2474716385207536
0.2474723295332389
0.22209323865834232
0.22209485636971465
0.2220962164078376
0.147638589667954
0.14498985070417553
0.14499525650800466
0.14500141012521287
0.14500719026030617
0.144122607169756
0.14412158751672838
0.14412090781435205
0.14412036674365272
0.14323752714967472
0.1432397230161519
0.14324244294441218
0.14324516259297174
0.1423619445541574
0.14236505434718413
0.14236781867833298
0.1423712742141355
0.14175033242459856
0.14148619441650803
0.1415911585313973
0.14148653480997914
0.14060297168474833
0.14083715713755499
0.14078315704318692
0.14061285363479517
0.14061861040269721
0.1406254106126857
0.1406325516953512
0.1406400298211019
0.14258710921776985
0.14240205677150483
0.14256239403145163
0.14259767067682275
0.144401123857763
0.15622236460773067
0.15636302046654588
0.15620094587063685
0.23719125679664801
0.2250291601537275
0.22493904740532047
0.22493141740293968
0.22183098104471455
0.22182221255729806
0.22181568790381156
0.22181172971802174
0.2211915911903603
0.2212063031070347
0.22117734537488973
0.22117070454178367
0.2256069575871395
0.22559986278749886
0.22559351553024415
0.2255889883420486
0.2312358400430764
0.23123018608911525
0.23122247582488176
0.2312193475583416
0.23233736052404022
0.23233598723114512
0.23233350212856144
0.2323318907908104
0.2290093785123972
0.22900627922285982
0.22900257519540904
0.22899762929391435
0.23672409676727585
0.24878135730871104
0.24878230688714442
0.24878405589961788
0.26172980296368703
0.24967844304869555
0.2496813878996394
0.24968873996447985
0.2738118469951829
0.2738178845006188
0.27382307151940016
0.27382851880692277
0.2825641979708927
0.282567105213999
0.1528941847436245
0.15287030078498948
0.26944542057344334
0.2694508500371008
0.269457954441537
0.26946243879145104
0.257221066119785
0.257223312180762
0.25722571650069526
0.25722705316571076
0.24746697344878246
0.24747310709898554
0.24747837685592133
0.24748511527822512
0.2221051605152716
0.22210607556060083
0.22210675604960933
0.22210723471087804
0.14499767548341339
0.14500320428845834
0.1450083875844938
0.1450114975490793
0.14413076519723142
0.14413314550843673
0.14413418824762822
0.14413626132140214
0.14325653224470103
0.14326182100139842
0.14326760076668144
0.1432731194759909
0.1423898172339496
0.14239235480116372
0.14239457726101756
0.14239797732616985
0.1415144136109294
0.14151645322603942
0.1415195368592363
0.1415226467351883
0.14063730968160892
0.14063765087616942
0.1409512631358756
0.14082421557522729
0.1406346247377025
0.14074804124024703
0.1406311892134697
0.1408125775152359
0.14239525680127252
0.14239408232759665
0.1423928772598502
0.14239185798579324
0.14431183289819052
0.15642123522945614
0.1562057053833957
0.15634196515453438
0.2372309643324437
0.22496862053253514
0.22504831392205113
0.22500871798786348
0.22206384774058355
0.2219982366885262
0.22184831082717305
0.2219694545579347
0.22131537687031994
0.22122705573129126
0.22129860648784935
0.2212231459839227
0.22566294524339212
0.22565849317330092
0.2256857304846514
0.22568076174361185
0.23130384752844768
0.2313069574860453
0.23131044534790496
0.23131386870039
0.23244361626553445
0.23245245574052784
0.23246095536576558
0.23247124926264404
0.22915979945047346
0.22916848927433695
0.22917586012918462
0.22918291870837923
0.23688494562559204
0.24892493875568814
0.24891249824682674
0.24890445095464422
0.26183987721777663
0.249786215913332
0.24978759806031756
0.24978811632901732
0.15119552558789864
0.15120769263604725
0.15122575414915224
0.1512390551973522
0.2826782090313634
0.28267274652260344
0.28266730714463134
0.28266369538521463
0.26951977400970634
0.2695150859304522
0.26951318515298905
0.26951025414558444
0.2572643476623871
0.2572735050395622
0.2572786884499635
0.25728352630923035
0.24751650592511765
0.24751650640327102
0.24750705914834725
0.24750498549320915
0.22212715491886745
0.2221295349987044
0.222131914871069
0.22213591667118263
0.14502221056865477
0.14502186473656764
0.14502656872478054
0.14502912223298206
0.14415116454550983
0.14415762486727127
0.14416321660235726
0.14416943615468747
0.14328314120320662
0.14328290012956119
0.1432825605317543
0.14328222079431288
0.14240069703138492
0.14240444941683672
0.1424088568107007
0.1424130894192192
0.1415324329190964
0.14153821387052204
0.14154365484061232
0.14165487465615362
0.14079844201409766
0.14093886668066014
0.1406587298810038
0.14100823374411267
0.1406512509238257
0.1407931550357087
0.14064479096173657
0.1407627570983011
0.14263610842438768
0.1426889753550214
0.14241293648322562
0.14241395719195368
0.14432154284413717
0.1565944206889493
0.15635748303585098
0.15624378424980012
0.15716921496522884
0.14514785727148657
0.1450168793374045
0.14505783627461952
0.2218833500692194
0.22181767729396387
0.22182372909667228
0.22182204354927157
0.2211883946447115
0.22118711916247935
0.22119946522655745
0.22116515251303753
0.22568013954541197
0.22560878609374468
0.2256035941398
0.22564622654512811
0.23124609489290004
0.23124397942700498
0.23124363943886625
0.2312443238380988
0.23236321131918194
0.23236611119267062
0.23236933095907034
0.2323712082715622
0.22905610574797633
0.22905758484644337
0.2290600155229361
0.2290628806976648
0.23678490428271828
0.24884002495260474
0.24883733802253966
0.24883647407869522
0.26177325160655146
0.24971870052050352
0.24972280484057038
0.24972579761276195
0.27384948478687615
0.27385514890242413
0.2738606249355348
0.2738645668558896
0.2826061584437286
0.2826124494865866
0.2826186896876202
0.28262464146975985
0.2694919333629443
0.26949478407887345
0.2694968845171023
0.2694959753285868
0.2572513893548704
0.25725461484569023
0.2572555362846753
0.25725665474548803
0.24748874413264604
0.24749185401592022
0.24750429419003087
0.24750740415012
0.14767147926247806
0.14766671997187727
0.14766917244592762
0.14767181959462408
0.1450187547318578
0.14502316912999094
0.14502724973708633
0.14503119626092165
0.144148105287361
0.14414904781023916
0.14415048464183255
0.1441518444933208
0.14327208295336757
0.14327848045104274
0.14328556054793382
0.14329316268107475
0.14241123642889134
0.1424141258937872
0.1424170163786735
0.1424200764644203
0.17209649220756604
0.17209649226222304
0.17209717222369555
0.17209785211876683
0.14081471886887162
0.1406577781457845
0.1406614491875785
0.1406648499936359
0.14066572775974756
0.1406679095144063
0.14084194257009214
0.14084490285411555
0.19992770642838492
0.1999270148016566
0.1999268955658046
0.19992701553096065
0.2236317049193577
0.2356843254317269
0.23567914125176195
0.23567264532692014
0.23704798090192497
0.22497542114902092
0.22496185522740095
0.2250156014299488
0.22184317837137807
0.22186551752800593
0.22181672483056267
0.22193018450102073
0.22130116060749896
0.2212066701816466
0.22120070163768962
0.14406709212303517
0.14410932249530237
0.1440735594230027
0.14403761117443045
0.144034135998852
0.14580592838085907
0.23124998256710988
0.23125083367161295
0.23124727847886833
0.2323683111253384
0.2323668024265151
0.232365336276473
0.23236377867954158
0.22904099767106673
0.22903723689054978
0.2290359620246268
0.2290364720549641
0.23677290135450305
0.24883616461852437
0.24884190602830591
0.2488481530147142
0.26178894271822956
0.24973576376066575
0.24972518152580678
0.2497221714203164
0.27384152137910234
0.27384794843320154
0.27385580051508296
0.27387790928742844
0.2826216644031988
0.28262524339502776
0.2826296568535549
0.28263338328449017
0.2695029046278703
0.2695048915196714
0.2695090511931168
0.2695129068877962
0.2572663440346704
0.2572672853659032
0.2572677039545763
0.25726872399856676
0.24750101159985138
0.24750154697636917
0.24750429419639422
0.24750567633329507
0.22212579440944177
0.22212796795703763
0.22212900451627168
0.22212953449897097
0.20031423543835727
0.2003201097143499
0.2003263296684028
0.20033191355752428
0.19248794606470923
0.1924916295552848
0.14416782440986342
0.14417150984432506
0.14328970715215225
0.14329316259317856
0.14329649988348245
0.14329990061069528
0.14241497743682566
0.1424156575291312
0.1424165454558642
0.14241723590986466
0.14153753226338847
0.1417913365431373
0.14183390224937192
0.14155589189092177
0.14081874803339103
0.14067505766235083
0.14067747675912118
0.14089138085622638
0.14079794404992685
0.14068490983989887
0.14068865212357315
0.1410454778372309
0.14245203929959369
0.14244592186419808
0.20006762916668533
0.19992286858078398
0.22362912646185512
0.23568488547905567
0.23585839344490153
0.23568148612274498
0.2372489856512069
0.2250021140468415
0.22505542547093998
0.2249771200146505
0.22191557199701192
0.22193210882662254
0.2218694106716633
0.22185387320266897
0.14406801099227579
0.14410176802797933
0.14408386220212677
0.14407545132629418
0.14404726668106901
0.14404157663535097
0.1441145352942431
0.14403397414879082
0.14579959443822407
0.14578885312762824
0.1457841242723235
0.14577851083000246
0.1457709702123953
0.145767536156793
0.1457621139659673
0.14575585908313735
0.14574955553417981
0.14574576560639527
0.14574332966678688
0.14574243722268698
0.14486588569739547
0.15692299749732397
0.15692320998868398
0.15692354602860456
0.15958448263411962
0.14753261926540923
0.14753829266859492
0.14754353400789869
0.15110014870105873
0.15111168713930442
0.15112312149058524
0.2738447580817212
0.28258142918321894
0.28258317818671363
0.2825850472986537
0.2825870290236817
0.26943146177269556
0.2694502703417896
0.26944916944360575
0.26942195619193665
0.25720545841364234
0.25720050483965506
0.25718780868980756
0.2572189167315065
0.24745191016558685
0.24745194153219796
0.24745090470973632
0.24745159574199804
0.22207326785547835
0.14761543695107665
0.14759906396490932
0.1476228665341595
0.1449580626911945
0.14496622913461768
0.14497832372497144
0.1449556891124327
0.1440961756484391
0.1441100265452396
0.1440916832734881
0.1441220928211544
0.14323870237427488
0.14324006276826193
0.1432409824046297
0.18240635453928583
0.14235537890421895
0.1423425927132532
0.14235479898972125
0.14235581920533824
0.1414736155173776
0.1414777232530074
0.14175270856146632
0.14148755444327124
0.14060433129855068
0.14083964954393
0.1406080706916088
0.14061011047088898
0.14060671069683384
0.14060501103105708
0.14060297146038184
0.14073485128383523
0.1426210639920075
0.1425218986950723
0.1423782573765381
0.142381657232482
0.2235769655261597
0.2357682298262068
0.23562640700318
0.2356213079672998
0.23710352752658315
0.22492221361678655
0.2249367794954141
0.22488829758673357
0.22181523714867343
0.22179554850968194
0.22175973308912433
0.22175186997016233
0.22113460107516178
0.22112994932449537
0.22110275197534443
0.22112315569527685
0.22555987222904939
0.2255504597064428
0.1439717162850926
0.1439674478020088
0.14573572263270282
0.14573572263270282
0.14573572263270282
0.23119672235536567
0.23231816411003633
0.23231816411003633
0.23231816411003633
0.7648487336960336
0.7365038686410559
0.7365038686410559
0.17131892908423801
0.2545808357454496
0.2622988249749931
0.25388884039459586
0.24877219910428883
0.24877219910428883
0.26171476485933515
0.24965818427850417
0.24965818427850417
0.24965818427850417
0.27377210884184816
0.27377210884184816
0.27377210884184816
0.27377210884184816
0.28250853630739814
0.28250853630739814
0.28250853630739814
0.28250853630739814
0.2693739227189454
0.2693739227189454
0.2693815004446255
0.2693939422849128
0.25714571131323777
0.25714815871497626
0.25714910216389647
0.25714828277146373
0.2473738653392819
0.24739871320652368
0.24740809785471155
0.24741786969606946
0.22203863963848175
0.222040194639742
0.22204164977989232
0.147583990571752
0.14492873512812335
0.14492959898607374
0.14493141315403205
0.14493392389433046
0.14405427014644318
0.1440605826840617
0.14406650945977542
0.1440723318812547
0.14319450539063633
0.143201933655538
0.1432091902810476
0.14321694411297484
0.14232807937710792
0.1423238611170596
0.14232047687566057
0.1423170613500683
0.14159535469457402
0.14145128730762502
0.14146205617525118
0.1414732758606039
0.14058733219334663
0.14058745475305046
0.14058733177796232
0.14058699184103213
0.14081658287667778
0.14075162072153644
0.14058597164887748
0.1405859718659955
0.14235581909025588
0.14235853898211231
0.14236159889337494
0.14236533890553577
0.22355966698418273
0.2356131478195213
0.2357221923599454
0.2357743315016726
0.23699631871202317
0.22515630749104393
0.22510103193232636
0.22497417496228858
0.22193287720424004
0.221936409526097
0.22182991858166323
0.22182545005688822
0.22121430624557248
0.22126786155801131
0.2212488511722306
0.2212009417654782
0.22567126859960895
0.22567588651178996
0.22566582814775016
0.2256177235346868
0.23126574884999274
0.2312601333987275
0.231227485211434
0.2312474642005669
0.23233822890769046
0.23235486787531395
0.2323315636407853
0.23234520003256345
0.22902423775990643
0.22901314083383426
0.1457763501308098
0.14577329034490508
0.1449052808499967
0.15696373133854638
0.15696517630494286
0.15696670629770218
0.15962092048623536
0.14756636686880859
0.14756893341485772
0.14756918179417597
0.15111519546941962
0.27383158922732237
0.27383371793784206
0.2738355199739483
0.28257121995170686
0.2825721201674907
0.2825731568309345
0.2825743442419
0.269441026059044
0.26944191251173694
0.26944298700754876
0.2694441004086957
0.2571981781159918
0.2571997273183551
0.25720140788869317
0.25720310792758166
0.2474376005591583
0.24744174724616205
0.24744485724823745
0.24744766033400858
0.2220687037425287
0.22206969816971178
0.22207198685466342
0.14761470332124466
0.14496277364659702
0.14496484683037414
0.1449672656283943
0.14496882054923482
0.1440909921742517
0.14409617555071141
0.14410205007258312
0.14410832659783
0.14322306327199763
0.14322442322975296
0.14322510314600198
0.14322578303210448
0.14234466578870106
0.14235309894313145
0.14235989874628113
0.1423667822150435
0.14160648105593757
0.14166407307532677
0.14146511532430084
0.14146375541548906
0.14057726002663315
0.14057656882001293
0.14057691433105743
0.1405776054231768
0.14057917169705314
0.14058257183254994
0.14079291727054008
0.14059005133874172
0.1423615984498225
0.1425752952701941
0.14237213783606692
0.14237791794654275
0.1442552963408295
0.15619958611360896
0.1564494927138744
0.15618258691421863
0.15705062782298151
0.1449857712903142
0.14501109055179887
0.14494803357010513
0.22178310817351674
0.2218249975280757
0.22183921830706382
0.2217737709992672
0.22115894415524662
0.2211544276081854
0.2211511888893967
0.2211477326469679
0.2255839551718464
0.2255792776642726
0.22557562288046035
0.2255733090234713
0.23121158661616228
0.23120055716233723
0.23119672235536567
0.23119672235536567
0.23231816411003633
0.14573572263270282
0.14573572263270282
0.14573572263270282
0.14573572263270282
0.14573572263270282
0.14573572263270282
0.22899762929391435
0.23671561852345785
0.24877219910428883
0.24877219910428883
0.24877219910428883
0.26171476485933515
0.24965818427850417
0.24965818427850417
0.24965818427850417
0.27377210884184816
0.27377210884184816
0.2737795782861555
0.15108231752730233
0.2825414459098373
0.2825304457862203
0.2825322651311594
0.28253700739235005
0.26942071242415194
0.2694270533445354
0.2694295586566812
0.2694316766988283
0.25718262195926306
0.25718109420688184
0.25717922437235635
0.2571791663710952
0.24741434252370392
0.2474208022173347
0.14935616213773473
0.14936177183655439
0.14759522166614758
0.14760008409889816
0.1476040334025973
0.14760783450377252
0.14495517266964222
0.14495862633759482
0.14496208191298612
0.14496571217059626
0.14408114404599737
0.14408045272916634
0.14408214872700786
0.14408321748465044
0.14320072388849286
0.14320383381378507
0.14320677099400278
0.14320997414814535
0.1423303251542731
0.142336717933927
0.14234362910559295
0.14235174977949822
0.14146919524342338
0.1414729352639409
0.14165866849708136
0.14148152408662276
0.14059661161824852
0.14059695710527445
0.14087167619657587
0.14082003060608472
0.14059957098381543
0.14060297146450307
0.14060637138940588
0.1407308545500578
0.14237383830122713
0.1425672009603411
0.1423670389721852
0.1423640186656934
0.14413971740062181
0.15619180527794657
0.1561856461916519
0.1561786765669125
0.15711875659190463
0.14497910091833233
0.22490546879856088
0.22492671086168756
0.22178306539210885
0.22178541607050134
0.14491757112946427
0.14492167622848226
0.14407263013845995
0.14401919275534156
0.1440135292446547
0.14400761612600413
0.1439956083893797
0.1439874934048641
0.1439810618109338
0.1439760218619413
0.1457420627916295
0.14573613344111055
0.1457358139288343
0.14573572263270282
0.23231816411003633
0.23231816411003633
0.23231816411003633
0.23231816411003633
0.22899762929391435
0.22899762929391435
0.22899762929391435
0.22899762929391435
0.23671561852345785
0.269238764265517
0.27435540555582405
0.839540345112642
0.28729797131087037
0.2752413907300394
0.2547748255688112
0.24965818427850417
0.27377210884184816
0.27377210884184816
0.27377210884184816
0.27377210884184816
0.2825190313173333
0.28252600481532403
0.2825320798855554
0.2825370380197719
0.2694064627305916
0.2694066560761759
0.26941025802573776
0.2694143872532808
0.2571757820415319
0.257182666644712
0.25719290486944507
0.25720249194503
0.24742999796712056
0.24742766535921015
0.24742471175515213
0.24742539182842543
0.22204624219624652
0.22204727881765232
0.22204853440497996
0.22204814272640422
0.2002311267925555
0.2002351007201591
0.20023909930806674
0.2002409752838871
0.19344006972364977
0.19343955133490767
0.1934376507017669
0.19343851458463535
0.18333156040905554
0.1833377563267907
0.1833436308744859
0.1833499193273247
0.14223596794178378
0.1422350525801354
0.14223358815807124
0.14223211541181946
0.14135260192941926
0.14152351585666714
0.14147683692848334
0.14136539995166508
0.14048208283343352
0.14048259298185128
0.14061659998952808
0.14048327306238578
0.14048380178316253
0.14048501091633162
0.14048837235850378
0.14063963158048814
0.1422543271511092
0.1422547500706262
0.14225509539700437
0.14225578636350647
0.14402657095262386
0.1562630861994052
0.15607467628495708
0.15606870245684248
0.15691887213500716
0.14489935063778742
0.22618250243416588
0.2261315372995753
0.22307364437381438
0.2230574718329576
0.2230466381500571
0.2230074021820307
0.2223967778734182
0.22239139598473442
0.22238774762348615
0.2223841574932874
0.2268520077499359
0.2268446897628853
0.2268368862896983
0.23002662527651424
0.25297345813668787
0.25809009942699485
0.8232750389838127
0.25809009942699485
0.2592196285020117
0.24176130569538723
0.24140359164608138
0.25403376865280036
0.2302919410698151
0.2302919410698151
0.2302919410698151
0.23284648365296667
0.2602704161111321
0.27049797862548136
0.26695540340923274
0.26171959581879106
0.26812641523986985
0.2526563211861629
0.25263049452514214
0.25108448503962943
0.27533829729405374
0.27533829729405374
0.27533829729405374
0.27533829729405374
0.2841207224406045
0.2841207224406045
0.2841207224406045
0.2841207224406045
0.2709083934827647
0.2709083934827647
0.2709083934827647
0.2709083934827647
0.25857955186096704
0.25857955186096704
0.25857955186096704
0.25857955186096704
0.2487480444135683
0.2487480444135683
0.2487547218317087
0.24876028494518032
0.22321631960792
0.22321897813977704
0.2232209651345903
0.22322269421987825
0.20127103774489183
0.20127335046820818
0.20127529425711158
0.20127639240431924
0.1933864640820589
0.1933924987580344
0.19339819343191095
0.19340448303806274
0.1832947338850644
0.1832994327248765
0.18330354575850336
0.14307814791619788
0.1421979044859741
0.14220101449368622
0.14220383996357533
0.14220672982730168
0.14132685741283993
0.1413305520152099
0.1415057843493201
0.14133532369906665
0.14045546470785947
0.14045726395592398
0.14045539431132403
0.1404596441550122
0.1404589641618079
0.14055094483875283
0.14055811842272167
0.14046083372710688
0.1422238987335591
0.14222423888457844
0.1422245789673587
0.14222491900200632
0.22495928243271765
0.2368276796182384
0.23682595167359646
0.2368240509813601
0.23820495736524194
0.22618557413145343
0.22615686132243218
0.2261128243576106
0.22299282360819359
0.22298382931847638
0.22297536172018703
0.2229684623948765
0.22235709687098637
0.22236651571797622
0.22235986490973503
0.22764464033452825
0.24670454347050097
0.26356793266572126
0.27881699182072156
0.29408429282280313
0.23250689297545968
0.23250689297545968
0.23613927415247912
0.23440486831270846
0.26594183665322385
0.32389475331635503
0.34641624806194665
0.9419659991735359
0.26155409973160565
0.23681241301661976
0.23261901478956803
0.252295239597828
0.26544033520843346
0.29093156520322616
0.2973308364319268
0.3005654648448212
0.3009930957634902
0.27120971038076364
0.25195754885831184
0.25108448503962943
0.27533829729405374
0.27533829729405374
0.27533829729405374
0.27533829729405374
0.2841207224406045
0.2841207224406045
0.2841207224406045
0.2841207224406045
0.2709083934827647
0.2709083934827647
0.2709083934827647
0.2709083934827647
0.25857955186096704
0.25857955186096704
0.25857955186096704
0.25857955186096704
0.2487480444135683
0.2487480444135683
0.2487480444135683
0.2487480444135683
0.22320764224381
0.22321160658245615
0.2232011491119069
0.14744025524627422
0.14479739565379393
0.14480067850615375
0.14480381504798126
0.14480707146331495
0.1439276444925784
0.14393032259804134
0.14393317348540885
0.14393654271872441
0.1430592788972938
0.143065398591378
0.14307171597358498
0.14307793608078395
0.1421955104073173
0.14219704045435505
0.14219840039784337
0.14219980528480708
0.14131821843968143
0.14132001277916528
0.14132188272405938
0.14132341258699352
0.14044281521764362
0.14054028502832708
0.14060513059601254
0.1404518364977301
0.1404565841906813
0.1404628946337627
0.14046933337307746
0.1406612573576231
0.20091482782240666
0.20090309878972493
0.20089224331936634
0.1422420391833279
0.1439670140634705
0.15602085522863485
0.15605374798165875
0.1560109960506779
0.1568755495346077
0.14480755498504091
0.14479663313038088
0.144786579024048
0.23745797071743685
0.2604342406353949
0.27825128333796373
0.2924141379065969
0.3037134486206763
0.30868180054293837
0.22216716497890673
0.22597020214807959
0.2361530004050157
0.25088986854254525
0.26281017622024233
0.2724057765387888
0.15217665584265175
0.2673903435937786
0.3009067756241362
0.31186505856704627
0.3339874123358363
0.3448847405490343
0.35486551963204116
0.3652565424115519
0.23950824673652413
0.17174217997837068
0.1895445586021658
0.2069727443329876
0.20855697141096108
0.224969699608243
0.2269728496154967
0.2277332598891791
0.21991316638829114
0.20449133804937322
0.19490732515398732
0.1872738243185736
0.1742628184978481
0.16269686505535536
0.15094776888101963
0.15094776888101963
0.15271474355310433
0.15271474355310433
0.15271474355310433
0.2841207224406045
0.2709083934827647
0.2709083934827647
0.2709083934827647
0.2709083934827647
0.25857955186096704
0.25857955186096704
0.25857955186096704
0.25857955186096704
0.14918079420893499
0.14918079420893499
0.14918079420893499
0.14918079420893499
0.1474138195368503
0.1474138195368503
0.1474138195368503
0.1474138195368503
0.1447633575287233
0.1447633575287233
0.14476587019700957
0.14477360102174883
0.14389671653522318
0.14389929158004594
0.14390626280148974
0.1439099584675916
0.14303191082714675
0.14303658556880638
0.1430415153051606
0.1430465300415372
0.1421630427239408
0.1421636376977735
0.14216559439745183
0.14216907732214773
0.1412898822258412
0.14138341628202936
0.14140660374120992
0.14142879780102754
0.14041918636109454
0.14041816641395208
0.14041702075749216
0.1405075321746399
0.1404135767341808
0.1404127877132272
0.1404123018643555
0.14041213190311094
0.14217919170048585
0.14218378155498593
0.14218837131377177
0.14219315330135368
0.14396557050177972
0.1560212870531949
0.15602008572137613
0.15601872578941278
0.23818500117680896
0.22612228678488255
0.2261022872161285
0.2261070651321596
0.22299596288532628
0.22296231728126267
0.22298901609484237
0.14479298800051382
0.14848148161386054
0.14390848525721725
0.14391021338704119
0.1438897487018821
0.14389254469952936
0.1438838954881043
0.15053757891625255
0.16302199731773725
0.14564684486476562
0.14564684486476562
0.14564684486476562
0.1464505771668994
0.18131228717734
0.1930746504134612
0.20341145158821966
0.21523718084318708
0.14564684486476562
0.14564684486476562
0.1686204408362202
0.17174477841957558
0.18261535705638643
0.3096415085933366
0.3157206027308064
0.3190232661430315
0.3233473477721733
0.3076778892429589
0.32795928126837065
0.3323538894915534
0.3183670684783572
0.29520635051056227
0.2985357121635715
0.27819136862310895
0.2864163226822488
0.2841207224406045
0.2841207224406045
0.2841207224406045
0.2709083934827647
0.2709083934827647
0.2709083934827647
0.2709083934827647
0.25857955186096704
0.25857955186096704
0.2790461170221952
0.28416275831250226
0.8395161904219215
0.2743312508651035
0.2743312508651035
0.15429743549924202
0.1474138195368503
0.1474138195368503
0.1474138195368503
0.1474138195368503
0.1447633575287233
0.1447633575287233
0.14476931852980338
0.14477441561752
0.14389797411267097
0.1439033712875101
0.14390673787887942
0.14391106331137943
0.1430329306449216
0.1430376903521365
0.14304262005768073
0.14304761284753975
0.14216805718515974
0.1421718143550673
0.14217535635449638
0.1421791064864569
0.1412986939239627
0.14130233370467363
0.141409743695565
0.14130923353581912
0.1404270058252189
0.14042870577546332
0.14043006581805473
0.1404317935845704
0.1404319663203383
0.1404335213214679
0.14043465536240865
0.1404362860503713
0.1421994594364578
0.1422001505096745
0.14220118715627617
0.14220222381148276
0.14408853372926145
0.15602773504800496
0.15614974973532916
0.15601770574269502
0.1568787207032751
0.14481168495152338
0.14480195982882926
0.14479345849949332
0.14478024864204522
0.14477450241887443
0.1447714675101804
0.14476844925435206
0.15419743425532711
0.16275499611165448
0.16686947205683134
0.17160899531624643
0.26004170732838133
0.2668200507271915
0.2760196754906576
0.2848592976850035
0.23250689297545968
0.23250689297545968
0.23250689297545968
0.23250689297545968
0.24813208367885495
0.25519504202212584
0.2615564027673186
0.2667707906253008
0.2302919410698151
0.2302919410698151
0.2302919410698151
0.2302919410698151
0.23807409157637496
0.25013067215720597
0.25013067215720597
0.25013067215720597
0.15947040011768127
0.1474138195368503
0.1474138195368503
0.1474138195368503
0.15094776888101963
0.15094776888101963
0.15094776888101963
0.15094776888101963
0.15271733889121175
0.15273198215801226
0.1527382054073742
0.15274396699441975
0.15097777208717617
0.15097975526176385
0.15098146935944282
0.15098083190711978
0.15009672149661976
0.1500959871554951
0.15009530468646143
0.15009477766270748
0.14921045743196582
0.14921020247275327
0.1492109674466922
0.14921237026915637
0.2232260940441961
0.22322753896786493
0.22322912913576956
0.2232309001437117
0.2012812120756205
0.20128561800744074
0.2012902831086276
0.20129538016135892
0.19338280921825707
0.19339989798227558
0.1934017121665783
0.1933790776818688
0.18329433289434544
0.18329136448496558
0.18330596454445533
0.18331287579151023
0.1782394884551456
0.1782412162455292
0.17824328960591393
0.17824590596794546
0.17288772869231242
0.17288704882758232
0.17299216604961085
0.17289097580951057
0.14044146932006513
0.14044026487671524
0.14043941493868087
0.14043805508944956
0.14053803840224582
0.14044095103801466
0.14044285158600922
0.1405704514331148
0.14220913505236954
0.14233932296603058
0.14222019313797038
0.14222554933577164
0.14408226334230564
0.15603810435489532
0.23680158928800765
0.2367890292580503
0.23816640796782507
0.2260961246336881
0.25756554542890475
0.2260722145830334
0.2425468242654483
0.25894423105095443
0.29806610966807673
0.2820058803375144
0.3255248573431886
0.3333735434152035
0.30998921729075213
0.3172443359313381
0.3390852208751133
0.34471341292511837
0.3660801219434937
0.3593360391932179
0.2508619646625514
0.3264140050655613
0.3043870532257941
0.3357464154967017
0.34800526595577397
0.3512177363729837
0.35435997507002875
0.2912698703457969
0.14564684486476562
0.17983891897290685
0.19303077565799462
0.3022819693119466
0.3183694850289188
0.3371985962321425
0.34401388850048426
0.3451749644524573
0.35314352673610877
0.3374911586246929
0.3311838807740182
0.3257227873071186
0.3350843089363573
0.320414168749043
0.3066921784158253
0.29263228485868215
0.2958958573895543
0.291998967305902
0.28603753998644726
0.2841207224406045
0.2709083934827647
0.2709083934827647
0.2709083934827647
0.2709083934827647
0.25857955186096704
0.25857955186096704
0.25857955186096704
0.25857955186096704
0.2487480444135683
0.2487480444135683
0.2487480444135683
0.2487480444135683
0.17734544299021346
0.1474138195368503
0.1474138195368503
0.1474138195368503
0.1447633575287233
0.1447633575287233
0.1447633575287233
0.1447633575287233
0.14388172945201422
0.14388965117113242
0.14389450138600798
0.14389901526214385
0.14302545347329518
0.14303464231334864
0.14304419676815178
0.14305413683441678
0.1421759616404868
0.1421812312817803
0.14218650092059587
0.1421918569189863
0.1413298719613298
0.14132875802178307
0.1413273756826025
0.14132599336613824
0.14044179504515725
0.14044095134961698
0.1404402651634777
0.14043958514333546
0.14043818659633006
0.14043924507956224
0.18038809199940753
0.1804398168915265
0.14220326056427937
0.1423104548643538
0.14229267203633128
0.1423164434396406
0.14396928465151926
0.1560269887292221
0.15602629752862346
0.1561267195463487
0.15688193235256923
0.14481232788378573
0.14479936273682026
0.1447882677837663
0.14477197200943914
0.228038274237077
0.2326392776325231
0.23221172730856718
0.24859817473917323
0.2587111790785832
0.26619143862057165
0.2747756093737069
0.292557070872249
0.3104012847181575
0.32697296769711853
0.34158580088449547
0.2485978051106635
0.2739979375891479
0.2768717379076611
0.28900245113878414
0.31040435327358684
0.3195760455092082
0.32932390133688416
0.34189755574472275
0.23682848774452325
0.25523225380790615
0.2676276306374711
0.2835882894791475
0.29666511211255886
0.31667197903844707
0.3229465268589784
0.3289017328431709
0.3317356793572104
0.3133284823241857
0.3056187518860165
0.2981289742334138
0.30047025694073587
0.2813558200591136
0.27533829729405374
0.27533829729405374
0.2841207224406045
0.2841207224406045
0.2841207224406045
0.2841207224406045
0.2709083934827647
0.2709083934827647
0.2709083934827647
0.2709083934827647
0.25857955186096704
0.1500642815449773
0.1500642815449773
0.1500642815449773
0.14918079420893499
0.14918079420893499
0.14918079420893499
0.14918079420893499
0.1474138195368503
0.1474138195368503
0.1474138195368503
0.1474138195368503
0.1447633575287233
0.1447633575287233
0.1447633575287233
0.14476382499998955
0.1438934767994858
0.14389451349150253
0.1439010792151968
0.1439062626779786
0.14302978578889855
0.14303641540201484
0.14304282567108012
0.14304938383850363
0.14216974088230125
0.142173110110024
0.14217647933753716
0.14217970134715058
0.14129995384635258
0.14130422294159883
0.14130845341338505
0.1413130431934903
0.14043110260131475
0.1404330031331002
0.14043473089336
0.1404365252747738
0.14057133282699177
0.14043231196413536
0.1404305840912579
0.14042921562513674
0.14219432046510844
0.14219619038717615
0.14230019116583978
0.142200323264733
0.1439726843859484
0.1560273951834252
0.23679744263237842
0.15601991562646492
0.15687867748274784
0.14481078628906735
0.14479882858078735
0.1447883568863552
0.1447693509164922
0.1490045974897047
0.1594265688944023
0.16678814903397662
0.1794735877593431
0.18489348593781865
0.18992120386940736
0.19511176108456718
0.2959645856398819
0.3072087370400262
0.22214429332725733
0.22994487599832855
0.23250689297545968
0.24355682433175208
0.2544099983723831
0.26535622654201274
0.2879010031887164
0.2988158059870847
0.3079969358638906
0.3183694539310136
0.2302919410698151
0.24360389097503019
0.27671214416793155
0.26406812177413047
0.2802878366521247
0.2988283672991002
0.305311351479567
0.2037367000645508
0.20092065338625367
0.18849400779174774
0.17921342748293312
0.1723782010549733
0.15182894592103582
0.15094776888101963
0.15094776888101963
0.15094776888101963
0.15271474355310433
0.2841207224406045
0.2841207224406045
0.2841207224406045
0.2709083934827647
0.2709083934827647
0.2709083934827647
0.2709083934827647
0.25857955186096704
0.25857955186096704
0.25857955186096704
0.25857955186096704
0.2487480444135683
0.2487480444135683
0.2487480444135683
0.2487480444135683
0.1474138195368503
0.1474138195368503
0.1474138195368503
0.1474138195368503
0.1447641242503965
0.14478009685007578
0.14478778463617228
0.14479707921378143
0.14391675921665034
0.14391943732941323
0.1439205826829261
0.1439221154620464
0.14304652978739874
0.14305426495692988
0.14306223336707666
0.14307033368536146
0.1421854810383624
0.14218408179145525
0.14218259124632115
0.14218149014109807
0.14132018269887975
0.1413220526498449
0.14132409299386547
0.14132599350272568
0.1404468946962703
0.140451318130248
0.140455734250211
0.1404599840840961
0.140461513874543
0.14046423383766599
0.1404669539164501
0.14044757506735867
0.14233349208295049
0.14220740991386982
0.14218939107497308
0.14218192235008226
0.2247234112075888
0.23677352432679946
0.2367823638087437
0.23677999173189473
0.2381606131275158
0.14480046258791107
0.14479109553403463
0.14478291026335563
0.14476926202509668
0.14484041926530586
0.24646653274429384
0.2558961062708466
0.2733844345149021
0.28192647936486903
0.28863977494966475
0.2927953348571561
0.2999306749324003
0.3086338420140809
0.31768965170576907
0.3005340298556502
0.23250689297545968
0.14564684486476562
0.14564684486476562
0.14564684486476562
0.15865215625028967
0.15900781600668284
0.1650708659075346
0.1736800704885871
0.2302919410698151
0.23435266028726368
0.23957504910424807
0.2302919410698151
0.25011847754973815
0.2701824158385152
0.2996141337943429
0.31073888697090607
0.3139649861464119
0.2964183537987504
0.28988150975602583
0.2569101495747895
0.27533829729405374
0.27533829729405374
0.27533829729405374
0.27533829729405374
0.2841207224406045
0.2841207224406045
0.2841207224406045
0.2841207224406045
0.2709083934827647
0.2709083934827647
0.2709083934827647
0.2709083934827647
0.25857955186096704
0.25858146424581663
0.25859014435084066
0.25860180907784597
0.2487807770859283
0.24878810349854616
0.24879487661670247
0.2488012614304039
0.2232583724864429
0.22323737940507998
0.2232662539947843
0.2232717630648247
0.20130108191776416
0.14485923178221272
0.14486807140473687
0.14487589088533787
0.14398628413291673
0.14397870217640665
0.14397144510839077
0.1439652248090859
0.14308681748158739
0.14309175888134681
0.14309642389165061
0.14310143638383857
0.14222278496693525
0.1422272983562885
0.14223188828803102
0.14223643504459318
0.14135864935509507
0.1415603971961308
0.1413700527406903
0.1414638597995526
0.14049295826002087
0.14066227063985082
0.14049382208550698
0.14049416762397007
0.14048742911376105
0.14048208206138899
0.14047732257341647
0.14047274296797385
0.14235956543334746
0.1424085798735293
0.14223971742210184
0.14235126310380644
0.2248063578757372
0.2368622584982032
0.23686068065714222
0.2368574989444884
0.23826742950578708
0.22616741139160143
0.22606849209719398
0.22613986602320785
0.14478415179769202
0.14478905306898388
0.22295813312100918
0.24545518492609356
0.15973063979143115
0.16268678939997067
0.16411821991776868
0.17247835797462346
0.15970471165530023
0.16518568470926495
0.17264373348324183
0.1845320293012736
0.14564684486476562
0.14564684486476562
0.14564684486476562
0.14564684486476562
0.14564684486476562
0.14564684486476562
0.14564684486476562
0.14564684486476562
0.14564684486476562
0.14564684486476562
0.14564684486476562
0.14564684486476562
0.23807409157637496
0.25013067215720597
0.25013067215720597
0.25013067215720597
0.2631410656204604
0.25108448503962943
0.25108448503962943
0.25108448503962943
0.2753491328554951
0.2753601050178781
0.2753661756137416
0.27537119766661555
0.2841579118340945
0.28416180331146934
0.28416510867106004
0.28416738465776914
0.27094970101328525
0.27094489379644293
0.27093822669486134
0.27093359448553284
0.2586068515205437
0.2586079826643038
0.25860927046387877
0.25861073910386395
0.2487782381463799
0.24877532776451275
0.2487716304935501
0.14921077196801186
0.14744690736893787
0.14744756250439872
0.14745079501474692
0.14745243643048667
0.1448054300530123
0.14480715785799605
0.14480891474962726
0.14480959472707436
0.14393844343131623
0.14394958785308304
0.1439616351740501
0.1439745548970911
0.14308817722387757
0.1430859674967065
0.14308467478789805
0.14308398355992674
0.14221129503837504
0.14222278497442756
0.14223528794698037
0.14224862487328405
0.14136625198899594
0.1415633219274694
0.14136884336655714
0.14146691881288354
0.14060174683936028
0.14049041198968795
0.14049177190145293
0.14049364209168436
0.14062563573651196
0.14050877119693234
0.1405180122991777
0.14052781002768674
0.1424634986723366
0.14247398131808614
0.14227438584427904
0.14235303649587222
0.1440444202280272
0.1563514977166704
0.15610543171083965
0.15610992391377232
0.1571049781699472
0.14498611721690405
0.14489774029605645
0.1448838423256662
0.22302829649904723
0.22302938997662244
0.22304640502648496
0.2230534026537602
0.22245195198239107
0.22255591734629365
0.2225188965847523
0.22244894760895165
0.22692841680093592
0.22693113688838265
0.22704137774943403
0.22693175055245263
0.2326019232558912
0.2325964775476917
0.1457389793951577
0.14573807406920497
0.14575379716409081
0.1457695773795405
0.14578300654524892
0.14580187534716402
0.14579059969305966
0.14578092376860097
0.1457716170230838
0.14576209797006628
0.14489277186956948
0.2502649645501597
0.2502826438891177
0.25030656540014007
0.2633148849759355
0.25125753522671057
0.25125623163981864
0.2512545032582251
0.27550727848246154
0.2755042070906974
0.27549978759112886
0.2754953566412096
0.28427745329570814
0.28427760936202473
0.2842775310391992
0.2842772632133707
0.27108290343003155
0.2710994624465751
0.27112126258254116
0.2711416213651979
0.25879760542258756
0.2587865463048031
0.25877583316188874
0.2587641609406551
0.24892635602584817
0.24891806218923448
0.24891045959966152
0.24890477500777855
0.22335498904136544
0.22335821897806626
0.22335957920130306
0.22336014196551524
0.14493579458965877
0.14493924994372767
0.14494166870389544
0.14494270528322953
0.14406371022123612
0.14406481867086154
0.19352559702326913
0.19352602543104228
0.14319153174861896
0.14320105171844316
0.1432106340303102
0.14322111021577524
0.142337623259164
0.1423372835082836
0.14233682290604557
0.142336603262944
0.1414959550160981
0.1419107682117819
0.14149687968529737
0.14149799807488772
0.14061655293693948
0.14082176031779936
0.14099589423442827
0.1407109443212658
0.14060397125985025
0.14058935139491988
0.14072754183296776
0.1405669101261498
0.14232946522268497
0.14232991255423533
0.14233025711121108
0.1423311637743891
0.14421275433075165
0.15633849323365498
0.23689931725476326
0.23689251807210424
0.2382990440020383
0.22623039381035365
0.2262187476325868
0.22626125328311847
0.22310181784188907
0.22309034741402886
0.22306873829611526
0.2231093650134519
0.14396015342822918
0.14397992456052053
0.14395330574096854
0.14394983401054023
0.14394488789813603
0.14394358372421234
0.14394021654788702
0.14393686622829907
0.23252894436106597
0.23252237267755285
0.1456662745624643
0.14566434646566523
0.14566112103100004
0.14565642804387646
0.14565392069339306
0.1456495222055157
0.14564904784366617
0.1456504301047885
0.14565256984454372
0.14565562788688197
0.14477896342904586
0.156840761865627
0.1568464818307457
0.15685388987037405
0.15951634663890657
0.1474670365238869
0.14747330521990326
0.14747861291760572
0.15102667283193505
0.15103506482949233
0.2754243327460193
0.2754314516984014
0.2842151802211734
0.2842175835148664
0.2842200344803146
0.28422237639261977
0.2710086876277737
0.27100744798370685
0.2710064477199163
0.2710059678409358
0.2586771742622275
0.2586766557482865
0.2586771739688105
0.2586781459967944
0.2488464688069166
0.24884476914332657
0.24884065637236513
0.24884085919419893
0.22329226279458925
0.22329517536897503
0.2232970758379184
0.14751973513260386
0.14487657058819678
0.14488482347187234
0.14489628935932242
0.1449071688195727
0.14403014132818384
0.1440346835053153
0.14403932085888252
0.14404408076275135
0.1431602533842236
0.14315957343036523
0.14315879863111433
0.14315787332524932
0.14226792690378004
0.1422614892063795
0.1422576875260391
0.14225509550057078
0.17293974568423232
0.17306176270937393
0.1730973070801759
0.1729561145272898
0.1406864395295761
0.14050177007585352
0.14071314644408245
0.14068106519003687
0.14050142444399963
0.14050919961635136
0.14051732036354014
0.1405261096823342
0.1424510663683441
0.1422903650796957
0.14229036578511028
0.1422915534647532
0.14419320819002032
0.15611494043901888
0.15611222127880553
0.15610785198647753
0.23826096544836214
0.22627092620618905
0.14486892784589914
0.14487006905643368
0.14485063589893143
0.22302596162724245
0.22304677664793018
0.2230079380737705
0.22239777527924065
0.22239372465055995
0.2223911014470496
0.22238854116007659
0.14391181340029655
0.14390351247899835
0.14389572299944015
0.1438854397321048
0.14565202636918112
0.14564774745278505
0.23250689297545968
0.23250689297545968
0.2336364220504765
0.2336364220504765
0.2336364220504765
0.2336364220504765
0.2302919410698151
0.2302919410698151
0.2302919410698151
0.2302919410698151
0.23807409157637496
0.25013067215720597
0.25013067215720597
0.25013067215720597
0.2631410656204604
0.25108448503962943
0.25108448503962943
0.25108448503962943
0.27533829729405374
0.27533829729405374
0.27533829729405374
0.27533829729405374
0.2841207224406045
0.2841207224406045
0.28412728386035024
0.2841459369907039
0.27093860779257095
0.2709453401574826
0.2709497214603095
0.27095381709389005
0.25862980770114474
0.2586328984377994
0.25863662059714715
0.2586400901314646
0.24880782709860033
0.24880584083973606
0.24880456591856615
0.24880558585850893
0.2232622171046505
0.2232680010708981
0.22327267107786442
0.2232774733725454
0.20133342404423488
0.2013438784075694
0.14488110880477298
0.1448934847615578
0.14400842047696438
0.14400651967428799
0.14400515244167184
0.14400479167379762
0.14312942500724765
0.14313781408740767
0.14314670346377212
0.14315617323931004
0.14227540607440878
0.14227812589393082
0.1422808454971408
0.14228429559883998
0.1414310161500911
0.14172173505192365
0.14144193071961567
0.14158766378222623
0.14056690813747383
0.140568268860736
0.14083483257254337
0.14091946224030213
0.14074250352059048
0.14074890278178182
0.18052246969549066
0.1805238298299432
0.20128180810356688
0.20102081732671395
0.2010183981601823
0.201227585372469
0.2248692542982839
0.23691801578787366
0.23689880732276164
0.23696726086426667
0.23830664035514412
0.2262446499948904
0.22619791054263275
0.2261864205101009
0.22313544597238544
0.22308679003856555
0.22305245246881444
0.2231106136477788
0.22245489861340595
0.22248888276418566
0.22245463036271082
0.22252787757152123
0.22695299072189157
0.22691365011512682
0.2268924262035084
0.22687988696823
0.2325290801261556
0.232528102012138
0.2325429732707406
0.2325492204130469
0.23366789140621191
0.23366398085415108
0.23365962564277926
0.233656032856169
0.23031932707807762
0.2303280157210704
0.23033569819017938
0.23034200472464192
0.2381298741720564
0.25019331019200836
0.25020308767077076
0.2502137120234698
0.2632257288934183
0.2511762793610879
0.2511792561076498
0.25118167499221955
0.2754428355829155
0.2754466075931643
0.27544917706425187
0.2754528702676864
0.2842390782611116
0.2842426202003042
0.2842471988516897
0.28425030887142716
0.27103452540413636
0.2710331655151126
0.2710307858111668
0.271028649867781
0.2587056839149582
0.25871674072664
0.25872506262528433
0.25873332780291536
0.24890147473041557
0.24889871018659787
0.24889525494588766
0.2488928751738366
0.22334804615857035
0.2233497192367675
0.147573610863546
0.14757623581025425
0.14493199348482846
0.1449361399367991
0.14493946723074835
0.14494374296121657
0.14405903993286454
0.1440573405620853
0.14405541809661607
0.14405438080398064
0.1431736576236741
0.1431762321716925
0.14317929239529292
0.14318235217914393
0.14230328528462016
0.14230641330695548
0.14231042489360618
0.14231450497864173
0.14143577713686215
0.14152416711387777
0.14144563644543834
0.141450571257261
0.14065205074130346
0.140566568663735
0.14056656931515032
0.14056588974059497
0.14056656991771105
0.14067928698898255
0.1405703088374673
0.1405720088313914
0.14249438131565106
0.1423321836563397
0.20111789305639882
0.2010166708241334
0.22487338654862793
0.23705765452760416
0.23691971573322484
0.23691291684690008
0.23854312502523636
0.2263615252914903
0.22623404288828503
0.22622462285308362
0.22305469884895357
0.22304140272910625
0.22307095631542267
0.22302126582396947
0.2224097068907077
0.22240421993487322
0.2223992705997649
0.2223954955571905
0.22686171128173263
0.2268516239944773
0.22684186000185333
0.22683504240880625
0.23250689297545968
0.23250689297545968
0.23250689297545968
0.23250689297545968
0.25410298721170466
0.2592196285020117
0.8244045680588296
0.2592196285020117
0.2558751475213503
0.23540858236012216
0.2302919410698151
0.2302919410698151
0.23807409157637496
0.25013067215720597
0.25013067215720597
0.25013067215720597
0.2631410656204604
0.25108448503962943
0.25108448503962943
0.25108989528489184
0.27536186767510584
0.275372125217472
0.275379871372667
0.275386791517693
0.2841758834489963
0.28418050508906034
0.284187434351754
0.28419392649294745
0.2709802140787714
0.2709828626595527
0.27098422684204276
0.2709859087292472
0.2586618129181276
0.2586655974291801
0.2586543665368502
0.2586527711740985
0.24882411468095272
0.24882679142021308
0.24884587363621116
0.24885447862953194
0.22331181144018758
0.22331453120779182
0.2233170811860473
0.2232932829537037
0.14489674637949704
0.14490158388945001
0.14490866767298893
0.1449143692636372
0.1440305362038698
0.1440294994095085
0.14402880821618097
0.14402846260483926
0.1431561729779936
0.1431674374633201
0.1431792918257396
0.1431911087758239
0.14231042408389746
0.14231332386424672
0.14231608793369072
0.14231960321438017
0.14165252337180834
0.1414640474136294
0.14158791787616948
0.14146542984292476
0.1405852681110817
0.14080853992355846
0.14095470638431948
0.14095017175420613
0.14071081529553103
0.14099554820102833
0.14061416841792432
0.14062199037073006
0.14266050461811253
0.14237128566807117
0.14236619962843014
0.14236210425263818
0.1441331725654669
0.15628440680771888
0.15652645609179106
0.15636705841114387
0.1572152213557978
0.1451455118442875
0.14490814631872562
0.14494673074759684
0.22322746800668525
0.22309691484451563
0.22305214025318687
0.2230728698706817
0.2224538065578824
0.2224294327437999
0.22244781019502358
0.22242043797634461
0.22687243921356207
0.22685883312572405
0.22686563343099994
0.22686288589774461
0.23251334549681899
0.23250814310723295
0.23250689297545968
0.23250689297545968
0.2336364220504765
0.2336364220504765
0.2336364220504765
0.2336364220504765
0.2302919410698151
0.14564684486476562
0.14564684486476562
0.14564684486476562
0.23807409157637496
0.25013067215720597
0.25013067215720597
0.25013067215720597
0.2631410656204604
0.25108448503962943
0.25108448503962943
0.25108448503962943
0.2753413741057159
0.27536520010412135
0.27538471872987597
0.27540336496387857
0.2841893983754898
0.2841923058292402
0.28419112317745304
0.28419381810924754
0.2709814041047373
0.2709787692850215
0.2709780139692161
0.27096858911165705
0.25864874459335974
0.2586482736540012
0.2586291039922182
0.25864975785766947
0.24882627755090178
0.2488126652786231
0.24883638787939613
0.24884145401017083
0.22327951346971986
0.22329759434525095
0.22330059215788067
0.22327118390193634
0.20134868370483125
0.20129753997759528
0.20134438822979123
0.2013193105043743
0.19345855749581117
0.19346028523321382
0.19347099765333622
0.19348032782667132
0.18336747476309942
0.18334108017410866
0.1431435942512098
0.14314704916450244
0.14226667169749943
0.1422694360732179
0.14227234580036632
0.1422754060133573
0.14139531845488057
0.14139942618950851
0.14140381813062303
0.141408238565072
0.14070733807547472
0.1405291704021959
0.14079786400837493
0.14062582936296678
0.14078674649693784
0.14053529011009608
0.14080928055896813
0.1407339909775051
0.14229920387447437
0.14229648435496028
0.14241045057842988
0.14247827160115953
0.14406413886202984
0.15611867995904188
0.15633062586392174
0.15610992423327602
0.1570278409531148
0.14501495458970537
0.14498317426927804
0.14497984345455123
0.1448665432032317
0.14484658108733342
0.14481944311368933
0.14481128729483783
0.14391920560773933
0.1439149361739626
0.14391237778457636
0.1439095286754409
0.14390681346934783
0.14389995457672528
0.14389314743864112
0.14388666632585956
0.14564927973501257
0.14564684486476562
0.14564684486476562
0.14564684486476562
0.14564684486476562
0.14564684486476562
0.14564684486476562
0.14564684486476562
0.14564684486476562
0.14564684486476562
0.14564684486476562
0.14564684486476562
0.1447633575287233
0.1568199381095543
0.1568199381095543
0.1568199381095543
0.15947056750062413
0.14743000229168796
0.14744283618561865
0.14745474002990397
0.27539022376762556
0.275404804676567
0.2754186236699086
0.27543200410780266
0.2842199623498593
0.2842260045703068
0.2842314991177114
0.2842370914879279
0.2710110672683259
0.27099865810813895
0.27098778711433047
0.27097876929896386
0.2586561809648831
0.25866148695748614
0.2586659431207033
0.2586677766327192
0.24884238888279228
0.24885037835956575
0.2488551696201564
0.24885724287234723
0.2233188461847891
0.22332643045917125
0.14755389152621892
0.14756172172006685
0.14491506059183346
0.14491747931714946
0.14491940828223318
0.14492093551110088
0.1440440135530277
0.14404850566043684
0.14405461993490717
0.14405991009426142
0.14318541155192202
0.14319508256751934
0.14320406712879202
0.14321408855949164
0.14233354269974394
0.14233592338863266
0.14233796355045333
0.1423402786374765
0.14144780605141277
0.1416408698977937
0.14158768388471488
0.1414232699653169
0.1405408191574068
0.1405424292759181
0.14054379013185644
0.14054515048252592
0.14054379082086166
0.14054379104149212
0.14054379116446322
0.1405437912326756
0.1425847919016699
0.14251715818562288
0.14250696316116024
0.1422874056925574
0.14406651869891152
0.1561309195986619
0.15625687207688196
0.23704767861722845
0.23854544363164729
0.22620812408932728
0.22639247031668114
0.22648847307155914
0.22311517834907335
0.22310386421088202
0.22311731856369266
0.2230990295773841
0.22259251485846054
0.22260869373893688
0.2224738958016209
0.22264721293692438
0.1441472938619434
0.14397662817433332
0.1439997809095965
0.1441693801881746
0.14577127696507622
0.14576860669088734
0.14576537338148723
0.14576226756897573
0.14575915312749904
0.145755179108785
0.14575379683051867
0.14575104819681942
0.14575811639359493
0.1457636453860302
0.1457684832580492
0.14577366669819486
0.23819886357516432
0.2502614680373213
0.2502711136632512
0.25028099252546593
0.2633056153261558
0.2512586494427002
0.25126705385991505
0.2512750640704551
0.27554309097047464
0.27555577150868976
0.27556776858476323
0.2755795932699074
0.28435968219815183
0.28435807883873226
0.2843397417986626
0.2843529435007575
0.29159197429617933
0.29668166096527954
0.8618697102433924
0.2966813092552112
0.28433968862689907
0.2639066427733412
0.25879340018986097
0.25879173019070517
0.24896678783743942
0.24897209183656654
0.24897651309820218
0.24898095802004042
0.14765882723182736
0.14765928704427095
0.14766268720162817
0.1476647270488437
0.20148616249103135
0.20148344300187737
0.14500732922314932
0.1450054257226752
0.14413077811297914
0.1441383558185846
0.14414607802859547
0.14415457992546754
0.14327284199417875
0.14327449385929036
0.1432762985352648
0.1432773346201732
0.14239799417028365
0.14240145030571744
0.14240525225603776
0.14240801760626048
0.14202794020197076
0.14200540689702118
0.1417606183750398
0.14174764952160523
0.14105669315088787
0.14124111385622762
0.14070225916390974
0.14070498263402917
0.14071246575315044
0.141007505941841
0.1407309381846697
0.14074172571290602
0.14252231320238015
0.1426456080922196
0.14256179602934213
0.14266759857812306
0.1443240374663633
0.15635338947581873
0.15632703115487667
0.15658496748708872
0.23893389936880358
0.22637017001164028
0.22649797790745566
0.2263253275300214
0.22324027747649608
0.22324755363304102
0.22313202027135645
0.2233232650588477
0.22252944588011844
0.22250364907639428
0.22252257271401188
0.22251738192354795
0.14417613124539194
0.2269760142507723
0.22704184232631724
0.22712691904602006
0.23261442131097182
0.23259919738955503
0.23258282116034928
0.23257477312006966
0.1457303098330033
0.14573982923274278
0.1457498586361466
0.14575988806019677
0.14576039804004395
0.23040073467468836
0.2304039043341795
0.2304079645394246
0.2381993739144219
0.2502614682923737
0.25027017196249235
0.25028185660771823
0.26330061602850646
0.2512469479304671
0.25124852515132906
0.25124943366631514
0.2755074511841751
0.2755084710204232
0.2755084883096932
0.27550704440129187
0.2842883271582862
0.28428663246845687
0.28428472920811376
0.2842827227603894
0.2710751424846316
0.2710797935765395
0.2710842857092739
0.2710887779246376
0.2587571717202359
0.25875371603834046
0.2587540615772689
0.2587523337372849
0.24892600972825935
0.2489291198035839
0.24893197292266095
0.2489336731341048
0.22338882316708983
0.22339020523089975
0.2233908962397148
0.22339153692616504
0.14496972617496737
0.14497553513231448
0.1449809455466761
0.14498434612540256
0.14410595854454683
0.14410731820492237
0.14410932667937484
0.14411037730468643
0.14322620993643181
0.14322552998094792
0.14322583886098536
0.14322620977626285
0.14234680335769315
0.14235030106461655
0.14235360353990964
0.14235700393189105
0.1414840927560667
0.14160119127584805
0.14172485531778767
0.14152247776093907
0.1406417334988951
0.14089589040566694
0.1406465734982099
0.14064933889354944
0.1409835643194516
0.14082889322272918
0.1408769420041854
0.1408279377239079
0.14243249869106822
0.1424263787291096
0.14241991683147948
0.1427135602267709
0.14453020622403695
0.1562393872425027
0.23745506899231358
0.2371172014384412
0.23844955397499185
0.226292103743001
0.22627528837373914
0.22636054965839927
0.22321613363581497
0.2231365125723885
0.2231872044888648
0.22319141282985785
0.22250681069314712
0.22249860415303807
0.22259535783685383
0.2225305879524416
0.22695069965574863
0.2269406949850961
0.2269586798296913
0.2269229348307683
0.23259189734406527
0.2325837813004813
0.23257710892264297
0.23257209512620083
0.1457245302797541
0.14573150833429324
0.14574084916131588
0.14575079351314985
0.23038509537046223
0.23037859138891048
0.2303813989720771
0.2303842068133229
0.2381936568286454
0.2502634471494361
0.2502732993764821
0.2502838641608051
0.26329423281184894
0.25124000130452595
0.25124292629605277
0.25124499954672475
0.2755044781415345
0.2755124615280691
0.2755200161055681
0.275528703534889
0.28430306606535116
0.2842967875945935
0.2842910856029871
0.2842862920828214
0.27107498311742617
0.2710746431609711
0.2915306694698076
0.29664364891897693
0.8494830097948673
0.28430703161696985
0.2638502041912198
0.2587352635434182
0.24891055585059743
0.24891293541336876
0.2489177173354496
0.24892082698256868
0.22337569162732615
0.22337741927448423
0.22337929719562527
0.22338018427820622
0.20142938300713814
0.2014317916957807
0.20143075488921253
0.20143421046548035
0.19354166471833806
0.1935443852286984
0.19354710521482266
0.19354948493034732
0.1432106336021671
0.14321465064396957
0.14321754563500771
0.14322100085027825
0.14234408220534353
0.14235088279873495
0.14235768347659664
0.14236482313742874
0.14179197279765668
0.14147487593773073
0.14147147660715798
0.14165584680085677
0.14083766047829893
0.1405847078002144
0.140585268563013
0.14087151274994414
0.14071573398816756
0.14056622965920054
0.18053165148500117
0.18077669452542502
0.20104113336057353
0.2013367000908264
0.20103535241116363
0.20103263221315032
0.22517965430122025
0.23694147530746082
0.23702836341150083
0.2369073329119243
0.2382922991960431
0.2262612259020861
0.2263579197076562
0.22638653368036338
0.22320113077404247
0.2232270953976527
0.22314773733609305
0.22310408651287902
0.22249367697223155
0.22248866858405864
0.22248348493496112
0.22250479691779046
0.2269674237338413
0.22694764093324077
0.22699780321323645
0.22691594088401482
0.23255369768702375
0.2325586972748272
0.23252758805976226
0.23253258421162817
0.23367398974517753
0.2336679551237955
0.23364871119396036
0.23365573047346094
0.23030708111730308
0.23030494526771658
0.23030350035716884
0.2303016168771461
0.23808426413189798
0.2501371636311619
0.25013067215720597
0.25013067215720597
0.26315730715292873
0.25111056078420224
0.2511227484326109
0.2511349208169359
0.2754080950827436
0.2754230989632319
0.27544174815605055
0.27545936511543573
0.28424531901327565
0.28425105247889804
0.2842554926949167
0.28425813854207477
0.2710516175227328
0.2710531184996455
0.2710582615608962
0.2710614786182222
0.258730360351595
0.25873220305367545
0.25873194625800433
0.25873125483137627
0.24891089455276597
0.24891944460422147
0.24892946575542785
0.24893914143300377
0.22339366071826744
0.22339459658049204
0.14762052790761832
0.14762290749159013
0.1449704054592042
0.14496666586769177
0.14496326648048768
0.14495986722371393
0.1440784201555577
0.14407857152148013
0.14407891628544559
0.14407909896045143
0.14320037169410135
0.14320513116163117
0.14321167035798918
0.14321805034480944
0.14233592357270064
0.14233694375371728
0.14233796372540963
0.14233889643242364
0.14145583573102696
0.1415492789674185
0.14145481614411984
0.14158476516346308
0.14085636455327735
0.14081873366792694
0.14071183552706862
0.14059410840786435
0.1405950756799774
0.14059682810042307
0.1405995492898301
0.14080372895970153
0.14276849162993002
0.14238760472043333
0.2010880555855342
0.20109961616624006
0.2249428535896563
0.23696902172144263
0.23694966765032546
0.23705561558669436
0.15743183191977572
0.1451396780240906
0.145044306199292
0.14527823817117586
0.14507704585307882
0.24368092172674385
0.2487461698071001
0.8138530824056522
0.24823183484684289
0.24806362186317762
0.22771300666138117
0.2225796242001044
0.22710030582856017
0.22711422545506155
0.2270857270966759
0.2271527778283056
0.23263670992598812
0.23262557003434148
0.23261669618776568
0.2326105744672641
0.23374268308362664
0.2337459658751855
0.2337509948255987
0.23375546885012824
0.23041705314028998
0.23041501336485445
0.2304156934310097
0.23041603345129041
0.23821076411940503
0.2502777129399988
0.2502896125201937
0.25030259082970535
0.26331844070724797
0.25126974382102124
0.25127921081333
0.2512872829407212
0.2755664241898628
0.2755910793997678
0.2756174683001388
0.27564654969859737
0.2844172276083637
0.284404955393864
0.2843937272016981
0.28438335802038284
0.2711737925111062
0.2711758655090921
0.27117766217776046
0.27117766398034815
0.2588342038989841
0.2588168637436004
0.25880122311457365
0.25878728229666115
0.24895611367120676
0.24895400213302338
0.24895203285034828
0.2489512371886275
0.14762495995422847
0.1476259964613969
0.14762530521933637
0.14762530514194694
0.14498128497234425
0.1449867255259302
0.14499284514471192
0.14499765178130966
0.14411934784234537
0.1441226173663729
0.14412601795151977
0.1441294179043377
0.14324253084124455
0.14323981126054228
0.14323724435804433
0.14323573120810523
0.14235768406979038
0.1423627836401615
0.14236856424333555
0.14237414730020334
0.14184115437327854
0.1415293679208684
0.1415335166215411
0.14153778302339945
0.1406541793324073
0.140782161827647
0.14094145489028584
0.14065395740152717
0.18060034148444162
0.18060170202239742
0.18060306110794652
0.18068995522982076
0.20120293979777842
0.20147355233131076
0.2014174874322481
0.20111084048570074
0.22530798379644218
0.23701153280597415
0.2370015092042057
0.23705606755149272
0.23837010382206672
0.2263776681634219
0.22633765320525454
0.22644829051946858
0.22327283915199533
0.1449857053669888
0.14499012538013242
0.14504063932728414
0.14417787661477727
0.14414112694375164
0.14416670338161827
0.14408193207803957
0.1440743398639541
0.1441328614728245
0.14415357742503193
0.14406917856839374
0.14576306987070636
0.14575742551939305
0.14575345144211174
0.14574915658489085
0.1457375200459536
0.1457272303906304
0.1457171461489763
0.2336883060392164
0.23034230713324738
0.23034386214970268
0.23034654025162815
0.23034973755937124
0.23814444077600705
0.2502105772051165
0.2502221267671507
0.2706910151092017
0.2888245661800355
0.8419309115490233
0.2563030464309064
0.25119474993311885
0.2754622516329473
0.27548734002816266
0.2755041961969817
0.27551418968326974
0.28429995125365914
0.2843004968325664
0.28430261197867773
0.28430601184602045
0.27108756343156104
0.27108117659205033
0.27107430369971786
0.2710702239949787
0.2587427424232953
0.25873968277763
0.2587451224611548
0.2587454621911233
0.24892117254426985
0.24892428234735187
0.24892687373692493
0.24892959409146437
0.223382017856851
0.223382357855577
0.22338269781453973
0.22338303774989912
0.20143386582758405
0.20143939447316894
0.20144423217277588
0.20144872442737485
0.14409895821125848
0.14410656082484133
0.14411377748934293
0.14412142235947573
0.14323777076578398
0.1432375896782075
0.14323689797513206
0.1432364107355812
0.14236170504460946
0.1423696530030858
0.14237842324444797
0.14238692522917468
0.14150586730855028
0.1415088791234089
0.1415124342139742
0.14151703953834835
0.1410481122532629
0.1407697526395733
0.1406362730962918
0.141064474942458
0.14098649011329561
0.14062618204969068
0.14062134313559618
0.14084038156505585
0.14247939460043083
0.1423748389391747
0.1425924875135247
0.1423696539243366
0.2249117550003313
0.23696141577891455
0.2369328547261225
0.23702209255131804
0.23836906921298937
0.2263138085182745
0.22633150645590958
0.2263387159196717
0.14497074514207686
0.14513062971988588
0.14499192889361517
0.14492299739189127
0.14410728493406783
0.14402372054395046
0.14399701677905827
0.14398260064895718
0.2269673588277058
0.22700039538533898
0.2269182927998278
0.22690892150898356
0.23257713271131697
0.23256867922906033
0.23255901608453883
0.14569816673102437
0.14571042877513427
0.145726497483342
0.1457462809870301
0.1457690345650539
0.14576425030005202
0.1457610780366395
0.14575781007370522
0.14575397019525002
0.14488143580194296
0.1569446989394497
0.15696196524196304
0.15697606095587788
0.15963229736037932
0.14758006938229973
0.14758401005313987
0.25124920486911345
0.15112200882151733
0.15112037923183347
0.27549673354738813
0.27549224672256123
0.2842906251431608
0.2843082208951872
0.2843264099982388
0.2843453398615633
0.2711260995721757
0.271118842590015
0.2711117014716154
0.271105365782555
0.25877168591048266
0.2587658604839823
0.2587607611253738
0.25875600202808935
0.24892151880905222
0.24891737147946902
0.1493563411069549
0.14935772315833165
0.1475928217448393
0.14759434853432277
0.1475980887176771
0.14759973364747678
0.14495272699421316
0.14495514576770077
0.1449565279219118
0.1449585060579177
0.14408045925802115
0.1440818193860446
0.1440865789436255
0.14408895837226934
0.14321028800773591
0.1432144345701402
0.1432189268682923
0.1432234896240088
0.14234306238983596
0.14234580709448502
0.14234891720787748
0.14235224280740102
0.14180522420587366
0.141476235605428
0.14164777914936275
0.1414860964483764
0.1409569386755181
0.14070437332162922
0.14060294961548211
0.1406026800799136
0.1406037160379378
0.14078868140147036
0.1406087292080944
0.14061144998431685
0.14262852840261064
0.14248834276292052
0.14238046481552002
0.14238318479274095
0.14415083940240286
0.15619994048067282
0.15655015570504846
0.15625127864969077
0.15718190014510605
0.14497967156106537
0.1449299481586828
0.1449333538192626
0.1448885379915605
0.14487725061541679
0.223150890456445
0.22315475394253576
0.2224370677950153
0.22250500607183926
0.22243009820403847
0.22245536808072058
0.22689522138329465
0.22688665558959323
0.2268781447348554
0.22687082655547197
0.23254478389147673
0.23254074756425702
0.2325366601048901
0.23253312805979012
0.14567880961816157
0.14568174690731722
0.14568347761979217
0.14568985855267585
0.14569008366918104
0.1456922161808247
0.14569444496532039
0.14569746292464011
0.14482420575738378
0.15689089406371987
0.15690069338510715
0.1569134269930563
0.15956269162562323
0.14752923953514166
0.2512031126639377
0.2512105592292032
0.2754668345447698
0.27546511943922075
0.27546323949315726
0.2754622080059369
0.28425762345637173
0.28427136989213664
0.28428527230918316
0.15290653188579256
0.2710958918721132
0.2711015639499304
0.27110830152593257
0.2711151015665787
0.2587709951362302
0.25875668168878746
0.1502383523379147
0.15022980830821767
0.14934704475253283
0.14934568461985973
0.14934738435753944
0.14934908430468138
0.14758074922537237
0.1475793448119682
0.1475770094461155
0.14757554375864695
0.14492439044923772
0.14492421756252677
0.14492314772053874
0.1449221283445517
0.1440437408972541
0.14404782038932332
0.14405161597826985
0.14405563998386425
0.14317054816602665
0.14316778318271622
0.14316605507463442
0.14316399239817296
0.14228050499759323
0.1422805049480444
0.1422805049036997
0.14228050487966126
0.14139908003772564
0.1414014989403635
0.14140357229308648
0.1416520289514591
0.14052271010750506
0.1405231959056748
0.14075114777212905
0.14068314724181769
0.1406102254028929
0.140519310597867
0.14051761184111916
0.14051591279381054
0.1422808472969398
0.14228326004363648
0.1424711815380124
0.1424474399374278
0.1442172239108056
0.15646253373954885
0.15626515644184402
0.156177310394758
0.23861976570534715
0.226270000790153
0.2262578349659323
0.22623468175933045
0.22316989349901978
0.1451716521671944
0.14495238558342857
0.14509495277553736
0.222535152207848
0.22252598990807357
0.22266700020576363
0.22251493133528866
0.2270329606480216
0.22701426214846063
0.14407558003150311
0.14413693968594357
0.1457869441429866
0.1457852301751691
0.14578377281614596
0.14578258194091345
0.14578028697512244
0.14577954186796463
0.23374337431157707
0.23373705592796537
0.2303881554980022
0.23040583495608338
0.23041340799680216
0.2304173939837992
0.23820333309856598
0.2502626779656637
0.2502673437130384
0.25027218069110874
0.2632920167893241
0.2512394715574705
0.25124308608548296
0.2512454074628849
0.27551056186222783
0.27552242552189515
0.275531217040109
0.27554384664884735
0.284321651048758
0.28431458501678664
0.28431354783787294
0.28430958089346786
0.271075323168952
0.2710628607109021
0.27105802270235374
0.27106061435051687
0.2587336732739306
0.25873470993510755
0.2587360921746357
0.25873781998395945
0.24891327390257614
0.14936290645740927
0.14937189108146606
0.14938260360395006
0.1476181470416069
0.22339765675281947
0.22339731746898983
0.22339765786017848
0.20144502390624483
0.2014463067897787
0.1449734653451484
0.1449751660336906
0.14409541966241665
0.14409723267726376
0.14409895957392424
0.14410103249077
0.14322030945042197
0.14322238275545487
0.14322450967505623
0.14322688969249844
0.14235721095431178
0.14237137986326426
0.14238828349025187
0.14240528565742372
0.14150820012560933
0.1416520585217812
0.14148337930657184
0.14160047117531874
0.14059581026676538
0.14060329013772338
0.14061111050472844
0.14072786988450603
0.14062811087439123
0.14063899204680472
0.1410818270514353
0.14066279727388145
0.14264135998972366
0.1423740093612836
0.1423529279784913
0.14248299657793548
0.14410527946789306
0.15615981971956408
0.15635583981289058
0.15635368218417295
0.15715031854159986
0.14503567813181847
0.14502953205235156
0.14490994501884802
0.14501651281782052
0.223076760472623
0.22307506099374433
0.22312674662609328
0.22246482481303056
0.2224605265624418
0.22251275109846166
0.22251271310296886
0.22702669531770805
0.22690257837056793
0.22688932582940227
0.2268779299512462
0.23254858296241038
0.23254207833151144
0.23253581976943546
0.2325299690774433
0.23365741649512428
0.23365658707947518
0.23365470657012405
0.23365193361160153
0.23029925192767953
0.2302932909327227
0.2302919410698151
0.2302919410698151
0.23807409157637496
0.25013067215720597
0.25013067215720597
0.25013067215720597
0.26314677090038796
0.2511021105170582
0.251116032438701
0.2511265268979976
0.2754010022665259
0.27541839145274
0.27543636858286014
0.27545502896916535
0.2842342646198252
0.2842316432919642
0.28423124486608603
0.284228884249936
0.2710212666077599
0.27102450322356686
0.27102585647941524
0.271031869763065
0.2587052593452143
0.2587064605112571
0.25870766985159005
0.258708965621307
0.24888335628488156
0.24888817127137608
0.24889083595196154
0.2488959462934388
0.22335011984745998
0.22334886909306748
0.1475741617790007
0.14757554376460189
0.1449319928779223
0.14493613953364987
0.14494097736630016
0.14494592623052305
0.14406821873285988
0.144076841978318
0.1440823709248837
0.1440917012016921
0.14321193050037634
0.14321567143609507
0.1432194115264875
0.14322281118861957
0.1423382053581757
0.14233660337992643
0.14233558378722078
0.14233422415231142
0.1414820185945615
0.14148720224651407
0.14165797138420994
0.1418958751686907
0.14061654906170407
0.1406172309963369
0.14061757159206367
0.1407058689500878
0.14058609240505357
0.14058526981203945
0.14068956610590752
0.14058332603885076
0.2013036686764374
0.2010256556989184
0.201107336386329
0.2010173615181715
0.22487265532063166
0.2369237966470219
0.2369176768183741
0.2369115576309124
0.23836608297101727
0.22648185835626775
0.22643077044961976
0.2263063928136032
0.22315404838124733
0.22327539798943807
0.22322052809708953
0.22313880692363933
0.22262572754245705
0.2226742004442876
0.2226865071491369
0.2227483915785454
0.2269681481551886
0.2269608929241756
0.22695264675125826
0.2269464368317518
0.2325929384392717
0.23259112419450834
0.23258967774164802
0.2325886188673327
0.23372160355479846
0.23372311672664636
0.23372048201451026
0.23372125821171236
0.2303726303906437
0.14573358151115
0.14573404957958397
0.23037081650900632
0.23816622631690215
0.25022824670171023
0.2502339101529
0.25023710641576097
0.2632452694248206
0.251194165204127
0.2511981921272808
0.25120461971406977
0.2754341915863694
0.27541870245750477
0.2754175180949151
0.2754181925243613
0.2842189493622554
0.2842269836240547
0.28423303089737467
0.28423778231840485
0.2710298125668916
0.2710355611356817
0.27104081528501794
0.2710455826012
0.2587213231933713
0.2587233632305486
0.25872693527790613
0.25873084275056124
0.24890341562940618
0.24890493157471733
0.2489068154498168
0.24890851561874033
0.22336739894201774
0.2233739641816089
0.22338018401868862
0.2233926241657817
0.14496190574878984
0.14495860217104134
0.1449544549748289
0.1449500061556021
0.15461036804583306
0.15461520581099647
0.154620181980333
0.15461935316402348
0.15346929634656134
0.1534720606957493
0.15347017594057283
0.15346779699422308
0.1523232309517946
0.15232527093940473
0.15232697072614299
0.15232901037155896
0.15118648323086176
0.1511906089539739
0.15119498272536686
0.15130090488004286
0.15014996580096038
0.1500538158519249
0.15005483624076732
0.1502009830899656
0.15004850050110347
0.15004973618162212
0.15005109685043447
0.15005245705334622
0.15253261982767005
0.15233785016052492
0.15233548319731038
0.152333089582727
0.19564345072231795
0.2078339309492807
0.20770550575952623
0.20793059396896627
0.20925726487021065
0.19719728488996371
0.19742813692233752
0.19719082556712075
0.19474209809019966
0.19498986331198973
0.1947495768120864
0.1947465169340125
0.19402827184024474
0.19400233154176014
0.1939567127698507
0.19379952658530947
0.19754928472351688
0.197295809996539
0.1972944501816281
0.19728748058248446
0.20265408677531432
0.2026470780913695
0.2026397986970716
0.20263446540111396
0.20351947258376624
0.20351453341600306
0.20350927315104025
0.20350340861297037
0.20085882353991524
0.20085579980439533
0.20085865067307324
0.20086020567898147
0.15566258459825472
0.1677301821921931
0.16773761169517104
0.23911082036454745
0.2558419431396642
0.8089582330127405
0.24378674822831903
0.24378978242342905
0.24429629064594185
0.23919344512996282
0.23920192679866525
0.23920879621817961
0.24705465391578002
0.24706206663043825
0.24707093459878005
0.24707881831726355
0.2357487158347033
0.2357538274683059
0.23575935614388285
0.23576469453637486
0.22557959163739558
0.22558231146393645
0.22558469108566567
0.22559538843358262
0.21738179298035837
0.2173817929603534
0.21738006511049043
0.21738092186162317
0.15923478492221435
0.15923482696450925
0.15923278724505233
0.1592276879277137
0.15578910801288254
0.1557865085926322
0.1557892287942722
0.15579058870666956
0.15463525016440147
0.15462626481511524
0.1546181427731015
0.15461175116512832
0.15346779670842178
0.15347033404582106
0.15347323629279752
0.15347595631983982
0.15232718853809193
0.15232560975878537
0.15232546065993924
0.15232560973123305
0.15140549015787627
0.15118070308388368
0.15118138330370057
0.1511820633381108
0.15015419908650907
0.15021055473024758
0.15003817621079438
0.1500391960566845
0.15004191683103377
0.15031912634667247
0.15004884628493567
0.15006571592346765
0.1523456703496003
0.15234635027191132
0.1523504298096113
0.1524946072454799
0.1547704746590871
0.20784061683389596
0.2077398246352874
0.20770207101697588
0.20924112529682495
0.19718912555766238
0.19728025167901905
0.19724258250505117
0.1947488974445848
0.19483518876037867
0.19470946459225863
0.19472532437667003
0.19384503285807722
0.1937904313884064
0.19386487882057263
0.19384794065686317
0.19745923639581067
0.19757763289114993
0.19731280902122433
0.19739346066993332
0.20266266348420564
0.20267043856330688
0.2026773497519452
0.2026847793081538
0.2035760188949461
0.20357302030277563
0.20356865062560395
0.20357587100205815
0.20090928527657914
0.20089804487801835
0.200890855862101
0.20088177539619254
0.20658793393365243
0.2186515984788021
0.218659637091307
0.21866711699410957
0.23029885459107002
0.21825082875747207
0.2182675381352616
0.21827525173044243
0.16377435362252984
0.1637733765895344
0.1637787189004021
0.16378848961730308
0.16607264775085334
0.16606448858215606
0.16605904968707833
0.16605462987103345
0.16376175621546718
0.16374861894367543
0.1637475819475718
0.2357075212171877
0.22554117293969903
0.2255546111183393
0.2255642913645094
0.2255755111933329
0.2173574634531053
0.2173541484185378
0.2173513833171671
0.21734998394275312
0.1962723826979068
0.19627272752943256
0.15920524847870954
0.15920660893538277
0.15576526359769663
0.15576338955330343
0.15576146234671473
0.15575938836911693
0.15461916247086882
0.15462426245772712
0.15462937483637884
0.15463480211801034
0.15349397609062096
0.1534994156759095
0.15350519609538676
0.1535111125491451
0.15236762110589477
0.15237107657559204
0.15237422831016234
0.1523776427695688
0.15151188197719606
0.15157286019057145
0.15150750727542495
0.15123035078239289
0.15008340435253073
0.15048175085968032
0.15028441024906472
0.15008409553669042
0.15008547783774906
0.15008824252265549
0.1504500487229615
0.15009461640469116
0.15259267047207062
0.15238351864366348
0.15250154122907436
0.15271509320716423
0.19569488838037233
0.2078941438745887
0.20799494068764143
0.20807716706216042
0.20936650637575516
0.19724747841082532
0.19744731947580463
0.19726327948497424
0.19483457803903162
0.19493970683616244
0.1946964306450828
0.19473714486946309
0.19379263522090798
0.19377494890750463
0.1938515040343159
0.19380687464451984
0.1973842035231809
0.19727067142749602
0.19725164271543788
0.1545333171475921
0.1568462060307132
0.15686137799802272
0.1568829867271388
0.15690321080578928
0.15687276841716472
0.15684939848470614
0.15683065630081106
0.1568173523783839
0.15681752435784244
0.15682771991530875
0.15683687572110527
0.15684897036933787
0.15569862220028832
0.16775163327522705
0.16774858352545927
0.16774755342201564
0.17119349251065225
0.15914371191423887
0.15914949174910592
0.15915478589519758
0.16375343634465964
0.1637639389280395
0.16377488149916197
0.16378787146065674
0.16607879585153165
0.1660763868287727
0.2470586664557006
0.247050198087312
0.2357284870408782
0.2357330856708165
0.23573343935293653
0.23573411377488923
0.2255483498589125
0.2255508108869663
0.22555307321468646
0.22555579345166868
0.21734412698984093
0.21734590363701084
0.2173479433037727
0.21735034626373337
0.19627272674848517
0.19627652785975444
0.1592099027443349
0.1592127271546547
0.15577188817921628
0.1557707917899176
0.15576984837904076
0.15576916878738725
0.15462834191384006
0.15463317571714436
0.1546375216602443
0.15464228211450606
0.15349452392044757
0.15349295560634668
0.15349193620843946
0.15349057668407196
0.15235349079625818
0.15236313007218544
0.15237320906774288
0.15238420916715648
0.15163774323053705
0.15123952312498962
0.15124071981658208
0.1512414105836902
0.1500951551688687
0.15035160352573926
0.15009733684468288
0.15041662223097224
0.15044231966410632
0.15020221480703838
0.15010141695092571
0.150103118591569
0.15239837329317776
0.152403813901917
0.15240805923499406
0.15241265295033543
0.15511337619553112
0.16673932580259218
0.16672402505168452
0.1668211697272204
0.2093267691965152
0.19723578501535585
0.19720054732343045
0.1971691673250749
0.19472641000770613
0.15579318163577793
0.15583562798167497
0.1558624942656597
0.15464857083215366
0.1546110315669802
0.15455840110215766
0.15458930695126086
0.15455308870409915
0.15451920812041084
0.15451008539289426
0.15453410901049872
0.15679439278104174
0.1567913881876573
0.15678633708921721
0.1567830127229997
0.1567791030092847
0.1567756246556847
0.15677108107596072
0.15676683893704885
0.15675946945002636
0.15675592737301217
0.15675283954389543
0.15675062971385093
0.2065162293136019
0.21857237791816417
0.21857566227518976
0.2185798695194187
0.17111967452660784
0.15906814384984283
0.15907161264190997
0.1590743841052073
0.16366781401309954
0.16367227938114318
0.16367693041230894
0.2391432995892582
0.2469880308235433
0.24699827085415013
0.24700461656612757
0.24701953970175938
0.2356850284313868
0.23568359981138864
0.23568779061908215
0.23568972862927298
0.22550516532543677
0.22550853546979174
0.2255116784324675
0.22551465511690952
0.21730068648800632
0.21730110372590275
0.2173013662059862
0.21730369527057172
0.19622935855682389
0.19623298679134044
0.15916670713296796
0.1591719294080957
0.15573623478474216
0.15573857030171026
0.1557407280964112
0.15574027073125463
0.15459638470768355
0.1545958555437969
0.15459481819653062
0.1545941266742372
0.15345132677251225
0.15345512783941745
0.15346031578077188
0.1534658402447162
0.15232832874406427
0.15233755489714013
0.1523468851327216
0.1523569067082257
0.15149517101700705
0.15121479865509313
0.15121756336831996
0.15122014185629476
0.1500738762962273
0.15007455667263736
0.15007523681939444
0.15019527770641017
0.1502934215768511
0.15007115633761076
0.15006958177853838
0.15006775673779865
0.1523638204882877
0.15237048892927427
0.1523759287405922
0.15238213546724097
0.15467274543906018
0.1667758063913383
0.20775379489588677
0.20774400474505925
0.20932372118091244
0.1973364570117414
0.15584239765811242
0.155784639125239
0.15582763587499035
0.15577204032298714
0.15575789854268038
0.1557059321352112
0.15459531096131868
0.15457366553752044
0.1937775902571871
0.1937203113977051
0.19726911004842163
0.19725962843028036
0.1972762454463995
0.19721948426755262
0.15675764173148654
0.15675222855680765
0.15674726466447456
0.15674338385733702
0.15674036110333006
0.15673764965985376
0.1567340940266319
0.1567292534523747
0.20078390436831686
0.2007836632254152
0.2007836632254152
0.2007836632254152
0.20648236387008254
0.2185389444509135
0.2185389444509135
0.2185389444509135
0.2301638823482987
0.21810730176746773
0.21811231710641021
0.2181149820580912
0.23907688746330777
0.23908209467521682
0.23908718269114487
0.2390927009257155
0.2469319428526044
0.24693560175774384
0.24693968853935908
0.24694640939760268
0.23561319972685776
0.23561387357221297
0.23561692582094204
0.23561901308214814
0.2254361443512192
0.22543824276884894
0.22544627681298676
0.22545146120251802
0.16138846380539698
0.16139528143910653
0.1614009042028044
0.16140360648287205
0.15911617331820024
0.15912008314130346
0.15912316642545093
0.15912644913307505
0.1556869919709593
0.15568791293563874
0.15569148435071703
0.15569580379410303
0.15455602773230587
0.15456221505169845
0.15456921535495627
0.15457710733913294
0.1534281737720981
0.153426445864404
0.1534254091195999
0.15342471795685264
0.15228277149606162
0.1522884846321315
0.152293322285734
0.15229909098486227
0.15129026391430886
0.15115588462672255
0.15115792490947655
0.1511603048106481
0.15001505811683166
0.15001709772589195
0.1501510662354813
0.15002083786996212
0.1502738638442306
0.15001539788321339
0.15001369794412836
0.15016705725389967
0.17587124895950834
0.17587416463573588
0.1758444455579412
0.17587838803912487
0.1956250911889245
0.20764710494080427
0.2076755520569879
0.20778102802316065
0.16778500389711082
0.15578492760654844
0.15571446457526272
0.15570283301898105
0.1557158937038
0.19465086699297748
0.19463674845075343
0.19460355518972428
0.1936700451536408
0.19366498867409843
0.1936605283980192
0.1936570733257596
0.1971879601396385
0.1971809831573441
0.19717431921592507
0.19716904265197288
0.2025477015057158
0.20254358088247112
0.2025396765741387
0.20253619768716793
0.2034257233795892
0.2034257233795892
0.2034257233795892
0.2034257233795892
0.2007836632254152
0.2007836632254152
0.2007836632254152
0.2007836632254152
0.20648236387008254
0.2185389444509135
0.2185389444509135
0.2185389444509135
0.2301638823482987
0.21810730176746773
0.21810730176746773
0.21810730176746773
0.23906328469452567
0.23906328469452567
0.23906328469452567
0.23906328469452567
0.24689921600388068
0.24689921600388068
0.24690047407652266
0.2469089137731469
0.2355765368914375
0.2355816341237293
0.2355849886947902
0.23558771839144207
0.2254005279827257
0.22540392584781446
0.2254043339289095
0.22541009505385554
0.21719541071878856
0.21719845386514003
0.21719892483785008
0.21719931080694255
0.19612409092756564
0.1961298989339904
0.15906606175466687
0.15907105595355814
0.15563666926482095
0.15564120474911058
0.1556455242576733
0.15564983548753136
0.15450635338752158
0.15450832887003182
0.15451053878474938
0.15451274856907124
0.1533682186904376
0.15337081031834948
0.15337345143329817
0.1533761712641398
0.1522307750877778
0.1522322847158383
0.15223353986781235
0.15223483467584942
0.15110896716154099
0.1511091372477157
0.15108805853102314
0.151088494270259
0.15003099406443252
0.14994451166187686
0.14994587145723134
0.1499474220290974
0.14994672147920085
0.14994742237697278
0.1499481132983419
0.14994914983849014
0.17580478237998462
0.1758036687705131
0.15223636444042943
0.15236873645285873
0.15453572602465787
0.16673117149905764
0.1665904073789908
0.16659006771869844
0.2092259855127959
0.1970917407872493
0.19708645127775243
0.197147577340896
0.19462030237499833
0.19461377953838946
0.19460535702685772
0.19460002309485208
0.19367159130485462
0.19366706218268182
0.1936610736498339
0.19365578222368723
0.19717679510779995
0.19716965118556734
0.19718950378828454
0.19718950377024821
0.1567215058198209
0.1567152797503653
0.15671212697294623
0.15671212697294623
0.15671212697294623
0.15671212697294623
0.15671212697294623
0.15671212697294623
0.15671212697294623
0.15671212697294623
0.15671212697294623
0.15671212697294623
0.15556518053909008
0.16762176111992105
0.2390055096121417
0.24412215090244876
0.8209320283566517
0.24369050821900298
0.24369050821900298
0.2232239430577748
0.23906328469452567
0.23906328469452567
0.23906328469452567
0.23906328469452567
0.24689921600388068
0.24689921600388068
0.24689921600388068
0.24689921600388068
0.23556376640923524
0.23556376640923524
0.23556376640923524
0.23556376640923524
0.16244831467909748
0.16245935494564598
0.16246258319194226
0.16246572800350842
0.16132298882042703
0.16132477372143716
0.16132971770796925
0.1613329332344416
0.1590433408779552
0.15905047219538268
0.15905608191088919
0.1590640748595213
0.15562893733134567
0.1556330840571947
0.15563677252738625
0.15564097149324524
0.15449430451641216
0.15449353964007892
0.1544927034403996
0.15449235780095752
0.1533450657414138
0.15334428817275775
0.15334361819224673
0.1533429922850287
0.15219863754852783
0.15220066661128226
0.15220330292823275
0.1522055490161363
0.151197350973404
0.15106534095862587
0.1510688491707115
0.15107242507390864
0.14992802251705667
0.149930662346821
0.1499331222384282
0.14993550203985237
0.14993176226794655
0.14992972255567905
0.1499282434517501
0.15003072885301713
0.1522181755354325
0.15221937150834638
0.1522202353475093
0.1523102863548905
0.15452090768058982
0.1665774883501327
0.166735336340407
0.16657680840299752
0.16777980102610318
0.15565036215631808
0.15564507563081612
0.15563972790062688
0.1556332614333847
0.15562670824242536
0.15561908864707427
0.15561041409145068
0.15445821558965545
0.15445421603762238
0.15445147628793784
0.1544491155535304
0.1971729598322929
0.19716746678980346
0.1971636885145897
0.19716073547871152
0.2025449987846248
0.20254625145511368
0.2025474252585786
0.20254833895671542
0.2034414261723992
0.20344129867902977
0.20344094982560104
0.2034405124781221
0.2007975722104372
0.2007966219052637
0.20079513165565308
0.15672685666864475
0.20649032265641304
0.21854646649016257
0.2185475727695092
0.21854946257550179
0.2301775027653805
0.21812451521207313
0.2181280829963034
0.21813249410934202
0.2390940679820366
0.23910194895870945
0.2391073339410333
0.23911661686693708
0.24695562423329642
0.24696276855052512
0.24696617678430066
0.24697336842308573
0.2356425133193433
0.16368600554419524
0.1636936301517085
0.16369998029049948
0.16255191259136548
0.1625503826769602
0.16254953279022574
0.16254482666838294
0.16140323641356297
0.21726209809595265
0.21726568274152322
0.21726879275006142
0.19619566570391025
0.1962005035529326
0.15913759161395444
0.1591432089353902
0.15570661189574356
0.15570967185869003
0.1557117116437952
0.1557144643919585
0.1545706278836231
0.15457235560560725
0.1545739447027703
0.1545756453249426
0.15342835932786547
0.15342782954760883
0.15342679230359543
0.15342665888848098
0.15228226510015008
0.15228413217201833
0.15228651219540884
0.1522885519818503
0.1511429652603121
0.15114413005239855
0.15142051670363907
0.15136344513295474
0.1499987380409846
0.1499980577242027
0.15011368813340883
0.14999771774830323
0.15019547293265478
0.14999873799039468
0.1500001201770367
0.15000145825609137
0.15250090380878134
0.15228900324557762
0.15228762063818505
0.1522858315151375
0.1545861840160864
0.16664140449919618
0.16664106447562885
0.1667267583855307
0.20920190330908964
0.19714186737837167
0.19725104068045624
0.1972331046290499
0.19467461082627915
0.19466955177223422
0.19466534620773396
0.19469068856499303
0.19383773807033539
0.1937245168068133
0.19371804503386292
0.1937519021102482
0.197239092335585
0.19723274390759649
0.19726923738904875
0.197222850774564
0.20259674709224837
0.2025885262616464
0.20258119425904997
0.20257461652959752
0.20346128775619493
0.15674463884957174
0.1567413254573213
0.15673980782482305
0.15673307855682678
0.15673074254964103
0.15672793655729475
0.15672615111385638
0.15558810788912278
0.16765014939038383
0.16765543638195254
0.16766397763747276
0.1711108499034193
0.1590594959638962
0.15906227821218188
0.15906960370914633
0.16366953198484105
0.2391445822312751
0.2391595181384262
0.23916044249827398
0.24701127609415957
0.247010970777461
0.24699988276663554
0.24700949547802473
0.2356366920753603
0.23567799955101504
0.2356658452892558
0.23568132912064058
0.2254883065874746
0.22546994812421195
0.22547927825778472
0.22547606714553678
0.2172547976412698
0.2172724676415409
0.21727846876352283
0.21725687087303328
0.19620584188472986
0.1962083921113286
0.1962060333576019
0.19620907196076662
0.15570133341310066
0.15570236984370459
0.15570423228089797
0.15570513454444956
0.15456272542021127
0.154566135839225
0.15456952541937813
0.154573047938377
0.15342393892185657
0.15342195429232838
0.15341988059216635
0.15341815859617539
0.15226781240283807
0.1522656771329004
0.15226464030227096
0.15226475262083441
0.15111712661407276
0.15127348332765098
0.15111562077127894
0.15111510224668628
0.1499688468181128
0.14996901951311997
0.14996983978443587
0.14997052016074355
0.1500908896955175
0.14997255995588096
0.14997459988775663
0.1501784456318318
0.17583147110608482
0.17583011166025847
0.1758097168218049
0.17582773191060896
0.1955764753072405
0.20760356468778193
0.20763339544456924
0.20762778565025236
0.20916734735192677
0.1971275888318566
0.19712877874519455
0.19713064850691825
0.15570530703403346
0.1557028723363022
0.1557001529687537
0.1556971399623394
0.15454810672795416
0.15454557518563025
0.1546392765890707
0.15454368647656835
0.15454096664788664
0.19736226645508417
0.19725775269204873
0.1545256860411112
0.15681556571093314
0.15681320466098367
0.1568122093628832
0.15681044012149908
0.20351591568731928
0.2034365546598662
0.2035085082207955
0.20348982555601944
0.20086508817488186
0.2008644083140642
0.20086389845034947
0.20086355857472732
0.2065624292979088
0.2186200298643973
0.21861954773028208
0.21861825174271013
0.23023442819009976
0.2181771677195105
0.21817733777681803
0.21817784778832874
0.23913332077909918
0.2391350206865873
0.23913774055438897
0.23914080050283315
0.2469774005618272
0.2469701020817244
0.24698405255066486
0.24699476493668104
0.23567025809188674
0.23568022173645745
0.2356911932840368
0.23570078258546187
0.2255183943325283
0.22552170919212167
0.22552359668953884
0.22552847098753961
0.23776576792931767
0.24287618885782608
0.7521921510357138
0.18701809083173046
0.18472827796440475
0.16427548225620572
0.1591658107622294
0.1591696453275955
0.1557320884843096
0.15573279024587602
0.155734507045097
0.15573554360795777
0.15459205274960255
0.15459412609026912
0.15459585388722435
0.15459774311517863
0.1534538570548514
0.1534562370080054
0.15345861671317712
0.1534616940279458
0.1534616940279458
0.1523174502606398
0.1523174502606398
0.15232027752741228
0.15232027752741228
0.15232304143838205
0.15232304143838205
0.1523261511883917
0.1523261511883917
0.1500229289572463
0.15027350230568906
0.1501101853285829
0.15017299721315946
0.1500235572045132
0.15016067384901324
0.1500253472664167
0.15231612971228992
0.15231716619665803
0.15242765942951553
0.15231612931161945
0.15472366742363744
0.166907157431178
0.16666556599957827
0.16672384578729543
0.16779316090240867
0.15572939028349145
0.19714536103451386
0.19720948555727447
0.19471339283650607
0.19468127439602773
0.15567934549682538
0.1557502269672006
0.1545158082002281
0.1545640799987472
0.15452904582875912
0.1544988162378352
0.1544916696717503
0.15451126155059888
0.15447628872298688
0.15447025101445913
0.156759642180433
0.1567527531470511
0.15675237645992462
0.15675220207922624
0.15674572521523092
0.15674017530331752
0.1567342431493718
0.1567275398855828
0.15671556958656355
0.15671212697294623
0.15671212697294623
0.15671212697294623
0.15556518053909008
0.16762176111992105
0.16762176111992105
0.16762176111992105
0.17106260042148957
0.21810730176746773
0.21810730176746773
0.21810730176746773
0.23906328469452567
0.23906328469452567
0.23906328469452567
0.23906961964476167
0.2469129957239228
0.24689921600388068
0.24690638513042207
0.24692759554177976
0.23559475775738908
0.23559724680691455
0.2355992872489552
0.23560169430620057
0.22541362098193193
0.22539842435712304
0.22539444210864093
0.22540913115802322
0.2172063841430578
0.21721393453997456
0.21722167450236807
0.21722695291583557
0.19614906531978618
0.19615316161448149
0.19615264319622575
0.1961544199311261
0.17746815427370913
0.17747211440011892
0.1774758037730373
0.1774800624263624
0.17079453310534454
0.17080178988219313
0.1545331472485827
0.15453952768687929
0.1533970801380222
0.1534012200067084
0.15340540942613454
0.15340951346458273
0.15225999276648555
0.15225807455184245
0.1522569329792366
0.1522565936067995
0.15111236730324423
0.15111458443511458
0.151117521448865
0.1511205261589642
0.1500697854471447
0.15013406656656547
0.14997437598563584
0.14997459945023414
0.14997221978784467
0.1501212661860787
0.14996950009207333
0.14996814060318225
0.1522566931308924
0.15225574367982025
0.1522539283743004
0.15225150917009134
0.1955632247767692
0.20761577339895895
0.20759043230647772
0.2076095171341597
0.20926163644043377
0.19712809788095131
0.1972057146843213
0.19707926227190403
0.19461916565877893
0.19461201441725676
0.19460375330479396
0.1945959156954705
0.19366490477254739
0.1936592245363425
0.19365035410095663
0.19364457755806075
0.19717374220133402
0.19716668196143006
0.22087476970881745
0.19715716223088053
0.20253342236806038
0.20253342236806038
0.20253342236806038
0.20253342236806038
0.2034257233795892
0.2034257233795892
0.2034257233795892
0.2034257233795892
0.2007836632254152
0.2007836632254152
0.2007836632254152
0.20078412397820566
0.2064853821609268
0.21854469222338016
0.21854594589732335
0.21854690344883082
0.23017072663939614
0.15902007585649075
0.159027898406578
0.15902727206620296
0.16362179011015
0.16363002752857464
0.16363412145913572
0.16364365330856845
0.16593215076223425
0.1659248466965448
0.16592380998462578
0.1659224277109741
0.163629333417891
0.16362793100442563
0.16362699606008121
0.16362686860465403
0.16248275475627283
0.22540301410900893
0.22540377239536485
0.22538932991388178
0.21719095761797624
0.16129991270837088
0.16132006350302427
0.161348810270655
0.15904584627007387
0.1590491291155889
0.1590500793942957
0.1590509821524047
0.15561626251283078
0.15562133489609778
0.15562705682981326
0.15563325684237453
0.15448216358301756
0.1544780704758399
0.1544747557189113
0.15447248781748046
0.15332433187348257
0.15332287952252135
0.15332151963194438
0.15332009872692223
0.15217816295456665
0.15218550617249543
0.15219403699720546
0.15220457647868715
0.15120341747363983
0.1510538903640902
0.15118118782008977
0.1510496406060009
0.14990371406126168
0.14990439932118102
0.1499054359482868
0.1499113634721855
0.14991374335140606
0.15006405206348522
0.15007251599840674
0.14992513298021787
0.1522117689530786
0.1522040662918285
0.15220053824441343
0.15230250610972704
0.1544977138913167
0.16655657960284753
0.20757280854015497
0.20757389817491081
0.2091263726964538
0.19706860757510727
0.1971686561946077
0.19706627492425585
0.1946118845184667
0.1945858761463004
0.1946079749483357
0.19460678511528154
0.19366285507217046
0.19368201047755826
0.19367993898876507
0.1936761681605819
0.1972047518974912
0.19720017908278548
0.19719772608181615
0.19719598314151257
0.2025658575000476
0.2025577559053587
0.20255181313012563
0.20254668881980376
0.2034364574872911
0.20343151883729318
0.20343227506440062
0.20342800355979299
0.20078917066484445
0.2007920863674539
0.20079492504024005
0.20079636995476557
0.2064946314238603
0.21854879304922398
0.16763826183934555
0.2185500150277006
0.23017811731764326
0.21812479598762066
0.21813073908916839
0.21813511632678215
0.23909114586164373
0.23909272249248684
0.2390935754251593
0.23909401032121583
0.2469352821440114
0.24693929780168497
0.24694570817834033
0.24694994782926027
0.23561167033613797
0.23560838744925966
0.23560601167556558
0.23560494636780482
0.22542839378901539
0.22544203180749778
0.22546372781149632
0.22548094836594593
0.2172648187757312
0.21726311798562217
0.21725410884207508
0.16139969707619928
0.15910835409126325
0.15910899850211044
0.1591124539737392
0.1591148134591899
0.15568026383153435
0.15568757333942995
0.1556976028087046
0.15571035201178332
0.1545664655820999
0.15456786417459023
0.1545692460848493
0.1545706281105926
0.15342437263811295
0.15342471808218971
0.15342495850395435
0.1534254689126421
0.15227604453099372
0.15227362526862767
0.1522712121495615
0.15226883229372284
0.1511195061784645
0.15125736797034298
0.15123489773300344
0.1513306309292997
0.1499581342344515
0.15010488346851186
0.15487164839585282
0.154733736566649
0.1791663876314165
0.18429581471875836
0.7494730449154958
0.18430187456717448
0.20139869815773076
0.2014007381329117
0.2014024379717835
0.201404498896608
0.22114919560902385
0.23320266603303935
0.2331987519334261
0.233194523887533
0.2142854569265239
0.19711221915754962
0.1971099947215362
0.197107420536135
0.19465642192701066
0.1947716153690709
0.19465313727356912
0.19475334476600742
0.19372313220089127
0.19377735682875366
0.19380032708270226
0.19379133008109095
0.19736226002694154
0.19720988752946697
0.1972163267588846
0.19720393165263417
0.20256171035969173
0.1567465446387553
0.15674863114618456
0.15675323100525707
0.1567510060111614
0.2034557570056761
0.2034519017642549
0.20344442705701607
0.2008006409235485
0.2008015677814377
0.20080068227047487
0.20080332887755845
0.2065002900249472
0.21855637385462373
0.21855870572859581
0.21856176555112322
0.23020047260519072
0.2181504973382273
0.2181559258630388
0.21815968691635731
0.23910871844959122
0.23912618086036347
0.23913740829811125
0.2391450615132476
0.24698370740524653
0.24698785324679207
0.24698774813487862
0.2469939005369894
0.23566768682770636
0.23567510976090444
0.23568424397119542
0.23569581052955085
0.225512785321624
0.16259614363984676
0.16260409128582734
0.16260996563680755
0.16147466249095338
0.16148588223542676
0.16149723069095534
0.1615086340181537
0.15921340739985998
0.15921306756352757
0.15921170779043295
0.1592103480819575
0.15576249854021576
0.1557542091291239
0.1557472930566323
0.1557414183014334
0.15459378063117826
0.15459170717763393
0.15458997931433127
0.15458859702371114
0.15344165056129125
0.1534416505397585
0.1534413049719821
0.1534413049735496
0.1523016153877059
0.15230894964100333
0.15231682060457485
0.15232442293151444
0.1513708005440923
0.15130792837068208
0.15118614222684668
0.15118888054857754
0.1500405555604033
0.1503224925550368
0.1500381757725356
0.15003783594665832
0.1500371561277285
0.1502816996067707
0.15003953594566632
0.15034432831236386
0.15232934903522974
0.15232730955434234
0.1523256100430781
0.15232357056386936
0.15461712379767198
0.1667980449167613
0.16676854369456492
0.16689291357456407
0.16790378065063533
0.1557339886939627
0.1557348524704198
0.1558541866325831
0.15573796297903061
0.15573865387103494
0.2151637846888515
0.22041265748752098
0.784515036103756
0.21933632573031017
0.21933122615298503
0.19887086971696255
0.19734245396949135
0.19735692509220362
0.19735985526379093
0.19728953424867923
0.2026595547757518
0.2026493592967466
0.20264054730710782
0.20263244131691208
0.20352329770940336
0.20352084040810958
0.20351998280930989
0.20351802788340903
0.20087385571620936
0.20087057275994846
0.20085250907181015
0.2008667716506241
0.20650204018836002
0.21864589681184374
0.2186442562181371
0.21867013273853594
0.2302743756838313
0.21822600336937442
0.2182186450735837
0.2182169453624518
0.2391560993307598
0.239149809816073
0.23916493910016756
0.23917282921798108
0.24700780999079874
0.2470098832110892
0.24701014225465404
0.24701060989127055
0.23567618722047018
0.2356796995649171
0.23568143157758528
0.23568377944746338
0.22549765624748472
0.22549884612721233
0.22550139580855444
0.22550294947885074
0.21728538672081854
0.21728130703616924
0.2172789274363899
0.21727518768313014
0.19620159219370592
0.159141671706845
0.15914735580841968
0.15915255074161455
0.15571999328722344
0.15573381575520015
0.15574107253218328
0.1557480891728894
0.15459654546029564
0.15459205294350248
0.15457978529368196
0.15457462466669486
0.1534264465735282
0.15342512847358006
0.15342437294536232
0.15342333603031505
0.15228502855128231
0.15229504981221123
0.15230792981872507
0.15232288967011828
0.1533059396387636
0.1532994799463144
0.15329438071203888
0.15329037376529134
0.1500042678149073
0.1501677162974157
0.15022587054366507
0.15000689788347324
0.1500062187850895
0.15000757920715616
0.15000961925220777
0.15877374660218468
0.1758688703509416
0.17586967315949587
0.17602646744149722
0.17607825234687122
0.19561659208897186
0.20766714826842914
0.20766127327662975
0.2076561732653297
0.2092037597788824
0.19714601398467477
0.1972817110378657
0.19738226669424822
0.1558135611067786
0.15569165686411215
0.15574758664808164
0.15578358772392664
0.19379039339368961
0.15476710945345704
0.1545545656697626
0.15459920963787918
0.1545627255775994
0.15481856220747342
0.15457339256636785
0.15454232639653565
0.15681901295561576
0.15680299541684328
0.15679083231542412
0.20259427884332956
0.20349431816741675
0.20350391886422384
0.2035114237428755
0.20352300004873564
0.20087528777577587
0.15680630135018953
0.15680375149156067
0.15680103178404933
0.2065624293165517
0.21861635125031528
0.2186179061863919
0.21862019965891857
0.23025737682697767
0.21820570143096885
0.2182093559069245
0.21821244076936405
0.2391682531776144
0.23916723321487846
0.23916850899210265
0.23917110066572783
0.2470084666712792
0.24700987927129023
0.24701064439163217
0.24701123944263215
0.23567704579942148
0.23567782961534664
0.23568030065334128
0.2356824681135193
0.22549633985873335
0.22549952578670185
0.22550191274830544
0.22550428552824012
0.21729235675150488
0.16143692937997478
0.1614561079792271
0.16146208288821842
0.15917137266630899
0.1591729495564781
0.159174309668052
0.15917396927237862
0.1557351979977745
0.15573796244770705
0.1557407269230922
0.15574210915525302
0.15459619941309588
0.15459689054193365
0.15459706316164357
0.15459774383884986
0.15345478318548342
0.15345827656328243
0.15346203953073057
0.15346549496820586
0.15231647500718742
0.15231440151929684
0.1523120094807834
0.15231064971332448
0.15116676412014707
0.15116982368687523
0.1514717050447183
0.15139132852457746
0.1500298393245612
0.1500310365564538
0.1502009144487985
0.15003375652251819
0.15879744513403846
0.15908774939015846
0.15914003460627527
0.1589847925225384
0.17590014668023987
0.17589878706923115
0.17602069735821851
0.17600420685041787
0.19562509096903688
0.2077494263308212
0.20780231132393054
0.2076645556897632
0.20929574475296317
0.1971509218081365
0.19722132308927803
0.1970837941165884
0.1947205288780554
0.1946397805187093
0.1556692143179608
0.1556683534538428
0.15452864252537477
0.15459696010338825
0.15468256040928216
0.15453076728333529
0.15462839501079098
0.15452397683540312
0.15458949417196188
0.1545521613456019
0.15679753885307474
0.15679372183166698
0.15679088870033464
0.15678671129416025
0.15678046281030675
0.15677417326765986
0.15676793573072315
0.15676154274686654
0.1567565792896964
0.15675581440023093
0.15675523628776036
0.156755389467718
0.15561294786285332
0.16767284329771723
0.16767891375365324
0.16768688387404165
0.1711389483029905
0.15908708158908677
0.15909059711032153
0.15909339030563946
0.1636857258737789
0.16368900583057042
0.16367681724970223
0.16367568398853644
0.24699067056292517
0.24699827802069776
0.24700216129505456
0.24700610111138102
0.23567158266608865
0.2356726192432144
0.23567387420984456
0.23567503817370516
0.16257163137755598
0.16257758117773385
0.16258258865503958
0.16258678848840913
0.16144366793397047
0.1614457638899615
0.16144815992529743
0.16145018362631214
0.1591597963168008
0.15916173080009563
0.15916532578982143
0.15916751048114908
0.15573143088226168
0.15573415087794934
0.15573692684072948
0.15574003648323562
0.15459308977409572
0.1545930896039159
0.154593089498706
0.1545937805674501
0.15345215656432482
0.15345725659622286
0.15346235711855322
0.1534671178348668
0.15232833093586076
0.15233721062582392
0.15234688586387013
0.15235794383517584
0.15143422187019437
0.15120280208376
0.15119906282786597
0.15347990606810424
0.15019625073774395
0.1500568755059538
0.15006129536900437
0.15006577900999174
0.15020259885223686
0.1500738753630536
0.1500786358372173
0.1503161625472179
0.175935331186432
0.17593049276960676
0.17619232791281325
0.1759195265025973
0.1956611303438396
0.20781010516373732
0.20770173106824186
0.20776722859056185
0.20934942058648467
0.19730362112694108
0.19721206354294002
0.19713228872157076
0.1948507989739355
0.15577297794399428
0.15573794048518957
0.15577944582241826
0.1545493220053853
0.15459808532312214
0.15453577315903178
0.15452966704377288
0.15461989630880352
0.15454533669263396
0.15450799258440162
0.1544980726238906
0.1567849354902448
0.15678151708741828
0.15677689165738795
0.15677258669932495
0.1567754907867162
0.15677709335778675
0.1567783381144196
0.15677986800700847
0.15678089447145302
0.15678182285040085
0.15678233290267982
0.1567829054202839
0.15564490597291142
0.16770361146650242
0.16770427749327685
0.16770616550068382
0.17114078453028084
0.15908511098633907
0.1590863942644172
0.21818220291596915
0.23913758105633684
0.2391400863567167
0.2391428398020746
0.23914606968740798
0.246987312683942
0.2469929901092169
0.24699854059129067
0.24700398626965878
0.23566985469940208
0.23567113195828615
0.23567253291919238
0.23567396057051118
0.22546813376502883
0.22548830632237318
0.22548931293885502
0.22549197763021664
0.21727795020777593
0.21727501718338588
0.21727587672794396
0.21727725894608935
0.1591318117832265
0.15913698847136332
0.1591406512534307
0.15914389983116353
0.1557049119041798
0.1557075532470976
0.1557089353278528
0.15571035149426768
0.15456306514031096
0.15456579007980395
0.15456717221802774
0.15456993665211582
0.15343549736455936
0.15344821659253124
0.15346203905405317
0.15347659395367463
0.1523289154192248
0.15232764901803866
0.15232662963223853
0.15232546057467547
0.15117696343349085
0.1513703681573527
0.15127559385519823
0.1511762833079151
0.15002845770647605
0.15002983951156904
0.15003171659304543
0.15003307700023008
0.15003035750531105
0.15002899795776797
0.15002776719532926
0.1500262778030945
0.15232187116887225
0.15250384685257057
0.15233376936851434
0.15234135645932573
0.15463179342032976
0.16688517866028937
0.16687108853991786
0.1668728649163182
0.20921120973433896
0.19714169773433202
0.15580417963626714
0.155845277866042
0.15570936206320674
0.15570288788963657
0.19466662091811113
0.1946901988146435
0.1937284706907987
0.19372144454202875
0.1937658767182436
0.19375318115488013
0.19723901505352903
0.19723156879415907
0.19722095795090164
0.19721721826579278
0.20256742186745014
0.20255800027003817
0.20254962266429818
0.20254204228001702
0.2034335747999022
0.20343403855652584
0.20343165571711544
0.2034300429517045
0.2007845344248647
0.2007836632254152
0.2007836632254152
0.2007836632254152
0.20648236387008254
0.2185389444509135
0.2185389444509135
0.2185389444509135
0.2301638823482987
0.21810730176746773
0.21810730176746773
0.21810730176746773
0.23906328469452567
0.2390668339909796
0.23906864292627122
0.23907475010769427
0.24691104452855242
0.24690981299227494
0.24691090990829165
0.24690828120332725
0.23557522937389494
0.23557704231796753
0.23558227576462637
0.23558471767284245
0.22539945282327303
0.2254021216628301
0.22540474430723495
0.22540740082703775
0.21719503737950263
0.2171966995582409
0.1613458003278134
0.1613484448507157
0.15905854677145906
0.15906041667375145
0.15906347650698127
0.15906568638911928
0.15562962856754411
0.15563308414996777
0.15563674628811805
0.15564116606119088
0.15449744952912242
0.15449982945382232
0.15450220924996
0.15450427988939436
0.15335612388095338
0.15335509254768884
0.15335441255900667
0.15335407258199446
0.1522102140179091
0.15221315126042292
0.15221596555672026
0.15221902591012787
0.15116820222160726
0.15107071899794347
0.15107071901409827
0.15107122897995726
0.1499249624704128
0.1499259826305823
0.150014234397257
0.14992807051529164
0.1499282431908117
0.1499297223922597
0.1500404481466109
0.14993448206419976
0.15231226413685472
0.15222497511787644
0.1522254852325363
0.1522261652685047
0.1545290676916223
0.1665893880309955
0.20760772635463068
0.20761220306189926
0.16774109399409035
0.15568526449531653
0.1556848534796102
0.15568422785594316
0.19464726286669565
0.19464027290873845
0.19470784304441946
0.19462977277726026
0.19370705239542285
0.19381351303353733
0.19370909221073604
0.19371113205151574
0.19724894091196862
0.19724906302208473
0.1972550127879042
0.19726034468131523
0.20264527567972038
0.20264799551845114
0.2026507416271353
0.20265367879936816
0.20354649806456018
0.2035470163399428
0.20352975678938848
0.2035311203827909
0.20089234304747886
0.2008911335447373
0.2008858267528263
0.20088197621607612
0.20658119516159706
0.21863466563414954
0.2186322685194074
0.2186297187940314
0.23024717722451082
0.21818906676192815
0.2181905966851382
0.21819144674296373
0.23914504966506162
0.23914526989624973
0.23914345563033848
0.23914419970277218
0.2469831908502352
0.2469871621470896
0.2469911803169103
0.24699536932776373
0.2356600060576077
0.23566639893828487
0.23566363438332125
0.23566605330034662
0.22547895665811915
0.2254786167463758
0.2254782768364421
0.22547236682606706
0.2172558340944834
0.21725138875116184
0.2172504779100244
0.21725155878425137
0.19616776414510642
0.19618426246218326
0.19614617552344474
0.19618719989465397
0.17749875248890595
0.17749960236992962
0.17749977227630317
0.17749535262715363
0.17080818306870965
0.17080921962652684
0.17081095727855217
0.1545372809780016
0.15339309898104475
0.1533953798423098
0.1533974197225261
0.15339966466460372
0.15225323653051856
0.15225323649373695
0.152253409246137
0.15225323644497107
0.1512250931177844
0.151099787042257
0.15109706750764085
0.15125393759122932
0.1501507343938555
0.14994570118757017
0.14994536117058263
0.1499448512012419
0.14994315137779937
0.15004454102198841
0.14994264161293158
0.14994230172886427
0.1522287150289852
0.1522253152462822
0.15222191564948362
0.15221800593205365
0.15465429297623295
0.16670746530904396
0.16656762908699993
0.1665653526754538
0.20926793898948554
0.19706996203390334
0.19706622233148174
0.19706227007100388
0.19460759233517075
0.19460635994588085
0.1946555441503693
0.19460445607403415
0.19367687001592432
0.19367291173241313
0.193668889525978
0.19366438644161238
0.19719781099685826
0.15447029341828836
0.15447119187886418
0.1544709758781428
0.1567627838453935
0.15675938406515913
0.20256929015977726
0.202568270243334
0.20345666150737066
0.20345345496226855
0.20344999930660632
0.20344650461033476
0.20080053470134782
0.20079688108617036
0.20079392218455244
0.2007910820719607
0.22694892903131073
0.8093070904592665
0.8093070904592665
0.24412215090244876
0.25574708879983393
0.2232239430577748
0.21810730176746773
0.21810730176746773
0.23907172592552717
0.2390732479092247
0.23907557384902733
0.23907774452256808
0.24691039859576744
0.24691206085145243
0.2469133330599273
0.2469139329113174
0.23557522593557056
0.16361955902017045
0.16362261883204984
0.1636242337359898
0.2253962144831497
0.22539673146837863
0.22538469767628994
0.2253972930097066
0.21718205619521178
0.2171786005432421
0.21719036260248709
0.16129991270837088
0.15903105085284355
0.15905837678936108
0.1590499622934696
0.1590531072004279
0.15561571966354026
0.15561694261620765
0.1556181385358482
0.15561915245586427
0.1544738209723336
0.15447356600056295
0.1544737360041341
0.15447382100624782
0.15332934282171248
0.1533316342453009
0.15333401409037187
0.15333659959604432
0.15219709694032604
0.15221038695853836
0.1522197171165449
0.1522293947413288
0.1510839784225732
0.15108590239069222
0.15108763004454412
0.15108935773908042
0.14994417134616597
0.14994604119855487
0.14994776740386517
0.14994978104891246
0.14995148122153343
0.14995471106133992
0.14995761632588508
0.14996100057662123
0.15225271872831553
0.15225455352021933
0.15240687191209315
0.1522579536169166
0.15454609372632427
0.1665902379558986
0.1667398902564428
0.16657623793472598
0.2091532309897453
0.1972957116503199
0.19710956987657688
0.19711568985322295
0.19474839320004025
0.19467070140458076
0.19467240143983602
0.19467308141161613
0.19374530058526693
0.19384311872528429
0.1937387696757882
0.19373669604027524
0.19737645236699145
0.19739731482294579
0.19743191025123616
0.19726623193960655
0.20266162695843723
0.2026700943278244
0.20267553431948185
0.20267893400196565
0.20357021490335342
0.2035685149944845
0.20356885502346633
0.20356705960284807
0.20091947017934564
0.20091601438824339
0.20091532316060381
0.20091370522769125
0.20661125955544152
0.21866473667032088
0.21866853103134823
0.2186720461624365
0.23030531378894448
0.21825145317958386
0.2182531530008021
0.21825503066304813
0.23922249259354725
0.2392409243538913
0.23926259514846704
0.23928195743733827
0.24711173932495156
0.24710779387625212
0.24710263922334114
0.24709646949896522
0.23577353414749647
0.23578552670738698
0.2357977145884867
0.23580946409394085
0.22560135080148422
0.24603707336930744
0.8163037515671953
0.8162851808099194
0.2428872471751806
0.22242293678744568
0.2173021397792074
0.21729456604555233
0.19620499600873115
0.19621726344868728
0.19622037345958035
0.19621052485130067
0.155715500711226
0.15571783136228046
0.17753656270503113
0.17753700038280648
0.17085294560151004
0.17085535329359536
0.1545814246573866
0.15458414441575827
0.15344061456290495
0.1534433787943964
0.15344637736821007
0.15344943796648414
0.15230657146509374
0.15231065095800425
0.15231509358796563
0.1523194903181067
0.1511980433153432
0.15151799207917108
0.15145005375090587
0.15119600280957096
0.15004973710887737
0.15034336470126744
0.15005313642094076
0.1500551765384881
0.15005313678591772
0.15002673049851312
0.15002603864058617
0.15002559745349323
0.15232051110668293
0.15232580708090465
0.15256847169803017
0.1525122631493676
0.19582802773932703
0.20782811075719745
0.20776903922395587
0.20772498052335633
0.2093118829473913
0.19728798342765316
0.19723020247399917
0.19722412707503106
0.1948015901917347
0.1947209913566303
0.194675375692612
0.19466941193922174
0.19377043796900426
0.19373225324958623
0.19376995328747804
0.19378239709548975
0.1972663387577102
0.19723805544410605
0.19725217445598783
0.19724372166966547
0.20257903635519398
0.20257650272507444
0.20257536658863917
0.2025602899853498
0.2034468459890107
0.20346140287396708
0.20346537685402324
0.20346490593538585
0.20081869482827483
0.20081536876140324
0.2008139213544827
0.2008122002189282
0.20651450137198044
0.21857203224660485
0.21857579030382973
0.2185807618418739
0.2302142842268686
0.21816137054182433
0.2181636533542959
0.2181656133288328
0.23912059698647714
0.2391208261970468
0.23912211708109016
0.239122376223998
0.24696126216151842
0.24696706767394366
0.24697074152105378
0.246975685190997
0.2356417238305551
0.23564369503718574
0.23564502159399411
0.23564782648257743
0.22546189267969582
0.22546312323829176
0.22546489408998618
0.22546399806573486
0.21725790793498623
0.21726226842126176
0.2172624384066977
0.21726913863639047
0.19619377248327963
0.19619618421185
0.1591309412816547
0.1591331721301622
0.15569373084012675
0.15569269394553586
0.15569200267352173
0.15569097264160575
0.154548511732964
0.1545506558373753
0.15455784212316315
0.15456374501719
0.1534188435652305
0.1534205385595565
0.15342264516811494
0.15342506389069102
0.15227638947856426
0.1522743159965578
0.15227293367721537
0.1522713818185135
0.151127369428577
0.1511302151707437
0.1511331056306648
0.15129362512254257
0.14999091904593617
0.14999303700013858
0.15020992172613984
0.14999737807185703
0.15024905186955406
0.14999908361083875
0.1501557283096722
0.1500960755739727
0.1524166625365353
0.15229161062210234
0.15229263084656997
0.15249185014730232
0.1545919637023215
0.16689736654497675
0.1666448326695197
0.16674027288748342
0.2093072816165424
0.19709492461071296
0.1971644728465904
0.1971589046681226
0.1946611817207585
0.19467683810151368
0.19462927116581424
0.19464121550164287
0.1937574036896833
0.1936956803451092
0.19370063511243374
0.1936979961100603
0.19723841178931817
0.19726026133057886
0.19720891734350007
0.19722245944614644
0.22306007257161367
0.18235472730920266
0.7475247448255645
0.18234811839623583
0.16190652023133587
0.15680370146841524
0.15681305560652803
0.15682233472158724
0.15681276080652776
0.1568064661686135
0.15680041870940337
0.20086297023703062
0.20656305310182876
0.21861635079451838
0.2186137590420476
0.21861152985166116
0.23023852416549215
0.21818591754706992
0.21818868203889258
0.21819157612086265
0.23914812057525456
0.23915071229177007
0.2391536339901906
0.23915643892698188
0.2469968379382928
0.24700277907930848
0.2470095392242557
0.16600793798885247
0.23568244381674677
0.23568441269323878
0.2356862142928353
0.2356882840217861
0.22550554123628108
0.2255116783370628
0.22551827451206422
0.22553395583831448
0.2173095696884168
0.21730784164971972
0.2173047654528523
0.21730476548822267
0.19622244704639208
0.19622403039399078
0.1962240304293116
0.1962240304577425
0.15572102999540027
0.1557225910525152
0.15572939100688363
0.1557332980713842
0.1545851639500944
0.1545879062666024
0.15459026413203453
0.15459162511204833
0.15345236508566495
0.15346031688039116
0.1534689510197363
0.15347833527964874
0.15233104901385308
0.15233002922719496
0.1523292615555791
0.15232822457497297
0.15118410237834248
0.15135682197538253
0.1511902628494038
0.15119396252956527
0.15004780986244234
0.15004815490845252
0.15004884576544855
0.15022787536006788
0.15021531810899044
0.1500463362217778
0.15014353490764662
0.15004469924629896
0.15233240900787823
0.15246636021912893
0.15248601641904438
0.1523235695478371
0.15471009346978357
0.16665874388105947
0.16674324322930362
0.1666404979759429
0.16782746335646162
0.15570930799331606
0.15577814024452574
0.15572303873311094
0.15574569676546715
0.15580731680896015
0.15568475421305006
0.15567461333366708
0.1545349639617347
0.15449973365900876
0.15455209448993107
0.15451929848235066
0.15453027500949187
0.15449001692794706
0.1545441720615334
0.1544925304316151
0.15678849664999903
0.15679022444120638
0.15679287192763205
0.1567964446922171
0.15679782690198432
0.2035068445477861
0.20350727647425226
0.2035067581053385
0.15679687649075516
0.15679978440984496
0.15680273142905476
0.15680613126662726
0.15566150667559234
0.2186314187575148
0.21863345883843818
0.21863639382360248
0.2302731332928867
0.21822280763050925
0.21822755824190398
0.21823222325264385
0.23918916176284233
0.2391915579527515
0.2391992764063819
0.23920369638596606
0.24703597390870913
0.24703486808608505
0.2470328890091064
0.2470307034806984
0.2356966133567321
0.23569983865144659
0.235701387809255
0.23570138267232493
0.22551295533661578
0.22550989561773263
0.22550666574944142
0.225504850425867
0.1614437242060885
0.16144954238562592
0.16145392337416106
0.16145834347124893
0.159167170786992
0.15916860864273785
0.159168870320228
0.15916989031732637
0.15574038215560834
0.15574556530538466
0.15575593206003266
0.1557630488158526
0.15461071425385953
0.15460284320789106
0.15459654572237536
0.15459101640020612
0.15344821657023652
0.15345181671530447
0.15345521692087874
0.15345895662634249
0.15231543868840164
0.15231923965900104
0.1523228895110402
0.1523268428089269
0.15118104297928536
0.15118206317324998
0.15131080618202333
0.15118410298804882
0.1501906079315476
0.15003885614948892
0.15004021589439975
0.15004124301087085
0.150222347044896
0.15031986090675029
0.15018577957064566
0.15003987564145652
0.15232900903445745
0.15232832944143265
0.15232764974098809
0.1523240783512954
0.15471205296868337
0.16668435528631317
0.1667067196145239
0.16679019992400568
0.16789683776941638
0.1557239118961791
0.1557532908602852
0.15569790346185278
0.19465472194504824
0.19464615903266363
0.1946627004225818
0.1946520866548513
0.19370199782640318
0.19375084812929694
0.15453318756177117
0.15454873541831032
0.15449105337680336
0.19721150228832504
0.19720570655645744
0.197200541156076
0.20255674799978748
0.20255752551460465
0.2025587508280194
0.20256091820902858
0.2034531958005025
0.20345300674161332
0.2034506472673559
0.20345032941189345
0.20080814847172399
0.20080992666929956
0.20081250483945526
0.20081536882537518
0.20651649150446377
0.21857878289403462
0.21858520998904726
0.21857586230367773
0.17106260042148957
0.21815723588832678
0.21817019799834958
0.21817779704436358
0.2391407637715179
0.23914783293366912
0.23915655235215366
0.23916431527926016
0.24699407361467254
0.2469908404809475
0.24698517529171854
0.24698387934755942
0.2356518531867177
0.2356573457426284
0.23566136449322675
0.23566525042331243
0.22547115763100817
0.2254709847308623
0.2254694374693351
0.22546858749926615
0.21725531583275684
0.2172561486809442
0.21725669839159786
0.21725716882288876
0.19617994313129675
0.1961809796514619
0.19618170332826282
0.1961801734638659
0.17749405787817196
0.17744775546395788
0.15567856362531826
0.15566649444203376
0.15453900906844792
0.1545417734343013
0.15454471062038483
0.15454764783021147
0.1534030294712471
0.1534054094859701
0.1534079596688849
0.15341089627749022
0.15225461929234127
0.1522461527849434
0.1522365343721464
0.1522314662957436
0.15109434784719544
0.15110421737907836
0.15121913054624342
0.15112598752896717
0.1499811143354831
0.14998284205876306
0.14998445869183025
0.14998649868027863
0.1499797321190893
0.1499749393333517
0.14997017991807193
0.14996576030999292
0.15225461918283295
0.15238053398803628
0.1522532366625936
0.15225013327948703
0.15453994651774186
0.1665879711042022
0.1666129774820684
0.16657427448895698
0.16770284273061328
0.15563430536141412
0.15562144715800516
0.1556091432023685
0.19456933481494748
0.19456284677167843
0.20969268379231387
0.19455241715508378
0.19362280516396627
0.21355698074011042
0.1941800327022668
0.20131944184262138
0.2256881417460655
0.2533615362459535
0.24967533312428902
0.29214475833487424
0.20253342236806038
0.20253342236806038
0.20253342236806038
0.20253342236806038
0.21772865679935427
0.23572722739015392
0.23801597921247222
0.2555497702732957
0.2007836632254152
0.2007836632254152
0.2007836632254152
0.2007836632254152
0.20648236387008254
0.2185389444509135
0.2390055096121417
0.24412215090244876
0.8209320283566517
0.24369050821900298
0.24369050821900298
0.24369050821900298
0.2646464911460609
0.2646464911460609
0.2646464911460609
0.24417992598483274
0.24689921600388068
0.24689921600388068
0.24689921600388068
0.2469019216747866
0.23557379581351306
0.23557584630963818
0.23557790542019694
0.23558022394558714
0.2254003599051885
0.16248996835710075
0.1624997305383167
0.16250941528760043
0.16136212887005338
0.1613585591572549
0.16135889924959224
0.16135978196296735
0.15906874612529462
0.19613700642145823
0.19613801597825625
0.19613838872061926
0.17745285520873802
0.17745540507133875
0.15564172322225647
0.15564474684390897
0.15449978734504632
0.15450101898902993
0.1545032429518982
0.15450600741537157
0.15335968225929683
0.1533600978831665
0.15336009779844378
0.15336044329672763
0.15221834537315748
0.15222317258872217
0.15222749208971204
0.1522316388180334
0.15108720797245728
0.15108873811403525
0.1510900981185569
0.15109162834714124
0.14994690432418145
0.15004615707608013
0.15009149335955624
0.14995301098683353
0.14995046131403728
0.14994910164317934
0.14994759530075857
0.15010290244490745
0.1522348347113232
0.1522338854713019
0.15223228494000415
0.17579520271324864
0.19552955707795278
0.207575258280789
0.20756627003253766
0.20758002448532317
0.20910398767476127
0.19704185706584698
0.19703535496986643
0.19702884603927664
0.1945572665915016
0.19476387968770167
0.19454551737489478
0.19454168258520005
0.19868746876781354
0.20868737251986186
0.21591051473853828
0.22630157720613606
0.24240307352452042
0.27489215618652435
0.28839621417909295
0.30257008197653873
0.20253342236806038
0.22178771893804358
0.24744514767862208
0.2608966967095668
0.2747922500545349
0.2841774403579149
0.29550734492365943
0.3016059619298115
0.2007836632254152
0.2007836632254152
0.15671212697294623
0.15671212697294623
0.15556518053909008
0.16762176111992105
0.16762176111992105
0.16762176111992105
0.17106260042148957
0.15900601984065857
0.21810730176746773
0.21810730176746773
0.23906328469452567
0.23906328469452567
0.23906328469452567
0.23906328469452567
0.24689921600388068
0.24689921600388068
0.24689921600388068
0.24689921600388068
0.23556376640923524
0.23556376640923524
0.23556376640923524
0.23556376640923524
0.22537526324844595
0.22537526324844595
0.22537526324844595
0.22537526324844595
0.2171595944831841
0.2171595944831841
0.2171595944831841
0.2171595944831841
0.19607851952254662
0.19607851952254662
0.19607851952254662
0.19607851952254662
0.17739179218530637
0.17739734282093642
0.17740088485752234
0.1774075104113539
0.17072598174977496
0.1707307223033277
0.17073466408386895
0.1707389668483506
0.15331752496001738
0.1533196668337006
0.15332194467357865
0.15332441834302565
0.15217916299385714
0.15218077792771167
0.15218222344640955
0.1521839512243819
0.15104184265489048
0.1510471988639145
0.15105295519748524
0.15105864993495577
0.15005002025175007
0.14991493895397767
0.14991632114527692
0.14991735778429927
0.14991459323025264
0.14991295176867497
0.14991165587850352
0.14991034336916417
0.1521972667445884
0.15230599395112324
0.15219172626842917
0.15223227355283464
0.1544760304681596
0.1665238847775217
0.2075305279121513
0.20752248256272862
0.209071991941754
0.19701304081845938
0.1970104921104509
0.19700782046741938
0.19870180101566232
0.21322851039475435
0.22521262019023125
0.25322265091695606
0.24597711701559236
0.2549013587881549
0.2631242516538907
0.27281075185099574
0.28737483393128443
0.3051830183645827
0.31805753062130704
0.33638746380474427
0.21631524124201124
0.2537776354297411
0.26416118404433214
0.22028112090270366
0.2598328379795519
0.2549835820659436
0.2679354923867747
0.2815901887585755
0.1595383644655405
0.20125140227879906
0.23570409653062077
0.26111843606946267
0.276113999768341
0.2956770101982389
0.28711832907150364
0.2774893865444223
0.26223380988912076
0.24239740751273445
0.30708684799978486
0.30279581969667946
0.31556808927996516
0.3049552004113354
0.29461068271166796
0.30894194766928773
0.3203169735502125
0.3353033608791976
0.30851590292245235
0.3032746654344109
0.26450396681741906
0.25400770332710343
0.25027558830780766
0.2469862096393511
0.23412552839858902
0.2288678854664826
0.22537526324844595
0.22537526324844595
0.2171595944831841
0.2171595944831841
0.2171595944831841
0.2171595944831841
0.28187036495615053
0.20689642907638325
0.25627780934555017
0.23954880563512138
0.16713625103907667
0.15556518053909008
0.15556518053909008
0.15556518053909008
0.1544182341052339
0.1544182341052339
0.1544182341052339
0.1544182341052339
0.1532712876713777
0.1532712876713777
0.15327975398998564
0.15328364158486493
0.15214153304611586
0.15214658691771185
0.15215060457172053
0.15215434434618227
0.15100999027539655
0.15101212402948408
0.15101402752570842
0.15101576992248217
0.1498706202342091
0.14987235076134395
0.14989541444670423
0.1499899813697289
0.14999345650169488
0.14989232446432937
0.14989147456158378
0.14989109491628375
0.1521789403871531
0.1521775581140649
0.1757425036653996
0.17573950626235443
0.19546168023652793
0.2075186251883228
0.207503144906044
0.20751237796283217
0.2090639059930435
0.15557816979026898
0.17212562099759493
0.15556605526976877
0.16715405332838146
0.17462794025015782
0.18328849704084418
0.19149682801973072
0.1973952800178991
0.1997073468019404
0.2075751642053259
0.20956173215040497
0.2133739111258213
0.2770655934448304
0.2590081407731338
0.2686033820392262
0.20253342236806038
0.22770106654447828
0.20253342236806038
0.20253342236806038
0.24902924284396277
0.22888746322921452
0.2414113960571891
0.2527292988014861
0.2007836632254152
0.21464257010065046
0.22183721180777538
0.23808434969713188
0.2674605254303607
0.2909690777745755
0.2925591830802128
0.2951945064700304
0.3145578268017853
0.2817423104706796
0.3049442578438929
0.33452095848449404
0.27527651482496923
0.2585148241084708
0.23906328469452567
0.23906328469452567
0.24689921600388068
0.24689921600388068
0.24689921600388068
0.24689921600388068
0.23556376640923524
0.23556376640923524
0.23556376640923524
0.23556376640923524
0.22537526324844595
0.22537526324844595
0.22537526324844595
0.22537526324844595
0.2171595944831841
0.2171595944831841
0.2171595944831841
0.2171595944831841
0.20490843488904456
0.19607851952254662
0.19607851952254662
0.19607851952254662
0.15556518053909008
0.15556518053909008
0.15556518053909008
0.15556518053909008
0.1544182341052339
0.15442548016097613
0.15443103079045042
0.15443642298016194
0.15329500203142965
0.153299463426975
0.15330359794818615
0.15330690047059725
0.15216403381630805
0.15216727767355717
0.15217040843772875
0.15217358422307503
0.15102992157970246
0.15103332137823655
0.15103657275862384
0.15103995095114048
0.1498961493536265
0.14989912428370483
0.15468414983240866
0.15468717345365207
0.15865498555833088
0.15867252291916378
0.15867651068824423
0.15866785774507344
0.1757793062683271
0.17578523344329358
0.17579118332233604
0.17579730309442168
0.1955329570831366
0.20758035842850078
0.20770127212124223
0.2075621329304863
0.20910852400008198
0.1970457695855703
0.19703824113945448
0.19703215051261644
0.19454963731019212
0.19456591010728874
0.1945590071614668
0.1945429626760948
0.19362946628033786
0.1544373985881293
0.15442288757966838
0.15444024780975285
0.1544457300027091
0.15444998295301443
0.15445486694908903
0.1544601366185427
0.15674918883799532
0.15674510499731958
0.15674034528805642
0.20255301370518206
0.15672774479971
0.15672071751233982
0.1567139076310365
0.15671212697294623
0.15671212697294623
0.15671212697294623
0.15671212697294623
0.15671480510458902
0.20649369384508404
0.21855983232827186
0.16764689622326495
0.2185857199928006
0.23021023951553307
0.21815258881147903
0.2181516636799797
0.2181504109849954
0.239106005132669
0.23910724239975908
0.23910874171333302
0.2391102443407984
0.24695026957155602
0.24695635735688468
0.24696171253516247
0.2469668968075793
0.23563115155344427
0.2356282033502032
0.23562935921486816
0.23563008872513505
0.22544406856663768
0.22544614910887148
0.22544955984063447
0.22544869885628555
0.21723700101702095
0.2172383832159336
0.21723890151363745
0.21723931959903006
0.2166147160092443
0.221730925294359
0.7868650031488729
0.22173142173142274
0.18256397182298903
0.17748127187414453
0.15566581445343303
0.1556520455098802
0.1545270873972419
0.15452940765805934
0.15453059763349006
0.15453144755018539
0.1533884343522905
0.1533916405765208
0.15339470048309634
0.15339811014579455
0.1522542735962673
0.15225703796693088
0.15225980237516104
0.1522625668096768
0.15111712617806186
0.15111821247436896
0.1512298939635815
0.15112052596099124
0.14997472155781158
0.14997527938576363
0.14997663930249863
0.14997765914691277
0.14997323950759905
0.14997022920798025
0.14996746017223442
0.15012790064684745
0.15234379302088108
0.15225081784137964
0.15224860351667946
0.15237248073743065
0.19494597429325272
0.20703785008398928
0.20695654200595429
0.2069812319619866
0.20851661182227366
0.19645705132870928
0.19650076910022107
0.19642349688428914
0.19398328896720296
0.193974545197043
0.17495656832749848
0.15557279419804662
0.1544339379652161
0.15443230831286706
0.1544282135106869
0.15442410276709012
0.15442239000015803
0.21505562392225058
0.22845035381439072
0.2439446673621601
0.201911623084491
0.201911623084491
0.15671212697294623
0.15671212697294623
0.15671212697294623
0.15671212697294623
0.15671212697294623
0.15671212697294623
0.15671212697294623
0.15671212697294623
0.15671212697294623
0.15671212697294623
0.15556518053909008
0.16762176111992105
0.16762176111992105
0.16762176111992105
0.17106260042148957
0.15900601984065857
0.1590100066313485
0.15901222763656497
0.16360451809135282
0.16360551361875353
0.16360593274576368
0.16360569516824786
0.16590668687322563
0.16591483967941387
0.16592198134151215
0.16592879739560326
0.16365248959199316
0.1636723946097375
0.16369488325046708
0.16371942779165483
0.1625761865422199
0.1625794183549217
0.1625823202798457
0.1625855706762373
0.2166283277761621
0.21662539029547034
0.21660802186482422
0.21662094120021103
0.19561947556455753
0.1956111818618086
0.19562166424280564
0.1956229312753885
0.1769734663305897
0.1769957349174529
0.17699658674164
0.1769823056671785
0.17033407311176216
0.17024716361178288
0.17033281429650282
0.17033009934247975
0.16193381264739604
0.16193783371608178
0.16194112242832254
0.1619447452904848
0.15749724866010756
0.1574946680112015
0.15749086641917315
0.15748844723093042
0.15113752514837006
0.1511481039963317
0.15115916178121508
0.15128972411402547
0.15012269934941153
0.15002763666267988
0.15002967742026782
0.1500317176232137
0.15003171773529625
0.15026177903220184
0.15038391293577566
0.15029059093618638
0.15231881019792168
0.15231099094781408
0.1523028314256111
0.15229332327713715
0.15458176466591875
0.16663128078276943
0.16662427188075013
0.16684384454299067
0.20856204225440828
0.19648569128108007
0.19654439536363436
0.19651411274886252
0.19407111899995563
0.1940088728097247
0.19401921394230356
0.19399831038736257
0.1544852241351101
0.19307957522477642
0.1930761580274976
0.1930721241064404
0.19659042502358123
0.19658589360718962
0.1965816548920726
0.19657790764731273
0.2019178569095179
0.20191946386634785
0.20192315632240262
0.20192454231049317
0.20281324895712044
0.20281102065214807
0.2028085742364285
0.20280482383681686
0.20017472384341092
0.20017832896603718
0.1567311710449105
0.15673777419183663
0.15559446718682943
0.16765338032030933
0.16765834995316653
0.16766421748110663
0.1711195045835811
0.21748967612429898
0.21749563083849127
0.21750085417699827
0.16367909639622963
0.16368918182666076
0.16369789614700142
0.16370876876345253
0.1660027214750767
0.16600380493857528
0.24624478374488049
0.24624443009669134
0.23494108856727408
0.23493676240147224
0.23493294849663962
0.234929109538337
0.22477821747380355
0.22477923787347304
0.22478062005526886
0.22478178728332698
0.21659273464354362
0.21659051300316418
0.2165888131335629
0.21658779328642727
0.19558716540618318
0.15910716385910822
0.15911090361264096
0.15911056351828556
0.15567737376246116
0.15568043356374023
0.15568319084392837
0.1556859552530294
0.1545416464145923
0.15454266641489364
0.15454368632816645
0.15454108218497714
0.1533994919147755
0.15340081968282726
0.1619163036848679
0.16191902350803306
0.15226203322439646
0.15226373348327407
0.15226543350323452
0.15226740570542774
0.1511229062790099
0.15121429578145884
0.15132489003071242
0.15113117087117686
0.14998530868357396
0.1499871790664663
0.15024940376654858
0.15014007492255094
0.15013739568813084
0.14998751851724396
0.1499864990355725
0.1501430354101627
0.15227155231995937
0.15226917236543566
0.15226645265713667
0.15226135773800692
0.1545512764350424
0.1666540589285376
0.20700136505393207
0.20702407271623743
0.20855857808150766
0.1964692390189718
0.1964817593259778
0.19645414797607014
0.194002142856572
0.19399578993957975
0.1939895128957485
0.19398402357040193
0.1930537838050859
0.19304990753188356
0.19304722992454337
0.1930442959432282
0.19656239102750078
0.19655961121401175
0.19655729393551227
0.19655513415038373
0.2223781882457192
0.22749482953602623
0.7926797690928442
0.22749482953602623
0.20792453025939847
0.2028095412026387
0.20280260334533967
0.2028003297314215
0.20016891231704276
0.20016891231704276
0.20016891231704276
0.20016891231704276
0.20584003734407255
0.21789661792490353
0.21789661792490353
0.21789661792490353
0.22950057294528872
0.21745459974219905
0.21746185627422357
0.21746709228841685
0.23836572509144696
0.23837584967562128
0.23838594301275035
0.23839579166627567
0.24621631666348756
0.2462244160754731
0.24623270955412793
0.2462402636764859
0.23494049863381425
0.23493896879538534
0.23493886058275798
0.23493743902890268
0.22477872747535668
0.22477319050531214
0.22476682810707818
0.22476444834087744
0.2165809935931147
0.16139978095004784
0.16140686492829243
0.16141636786260263
0.1591223021449795
0.1591219528205765
0.15912127305271875
0.15912074741957535
0.15568422754248665
0.15568689310323228
0.15568859311518551
0.15569165727939566
0.15454471070093223
0.15454300633485077
0.15454198644710943
0.1545413065762544
0.15339606005790501
0.15339707992224882
0.15339845533108198
0.153399459902892
0.15225064533841587
0.15224945363268294
0.1522492835795044
0.15224945352328756
0.15110165713745696
0.15110080724418792
0.15126329833290633
0.15109910735550064
0.1501252601770439
0.14995624057243245
0.1499589982430138
0.14996185024242478
0.1501504668650361
0.14996814014438856
0.14997222023486578
0.14997731980686949
0.15226135776988367
0.15225600133148237
0.1522499633992521
0.1522436739664513
0.15453762682933256
0.16658870774634613
0.16664558786596972
0.1665983406164312
0.16776591511940994
0.15566089696128088
0.15567565325344865
0.1556619067781392
0.15563624726715783
0.15569329911767033
0.15563999528422512
0.1556447430923588
0.1544978003292254
0.15454602038251233
0.15449552361325078
0.15455418544417518
0.19661046540169702
0.19660597548607447
0.1966018554836752
0.19659795611839243
0.20192572953132937
0.2019220243397437
0.20191914513650167
0.20191675901108896
0.20280834252598318
0.20280968979909791
0.20281104225520577
0.2028127602423017
0.2001770547002148
0.2001720465058313
0.20016891231704276
0.20016891231704276
0.20584003734407255
0.21789834969722097
0.21790286505561132
0.21790874033327506
0.2294886895893123
0.2174320080769227
0.21744992142358635
0.21745985697461892
0.2383467760192612
0.23835052666581158
0.23835343987478053
0.23835496074337015
0.24616932158540822
0.24617170146771555
0.24617589410033405
0.24617860008482714
0.23487922607136355
0.2348837650086594
0.23488654970390344
0.2348931459570852
0.16250295583964303
0.1625011993016069
0.16249964421779256
0.16249947140170953
0.1613571992148971
0.16136221389880498
0.16136833449875207
0.16137776802035553
0.1590874004786621
0.15908846489996029
0.15909223830043703
0.15909475455422967
0.15565816509067962
0.15566055655545225
0.15566292481451627
0.15566530487677574
0.1545208672344873
0.1545219280309253
0.15452311785606496
0.15452432251502618
0.15337634118500762
0.15337583115672046
0.15337515119156228
0.15337498122058152
0.1522297383362154
0.15223094774908827
0.15223232996029587
0.15223371217971624
0.15108924776111882
0.15109162771913554
0.1510935044083414
0.15109604758312584
0.14994966833638598
0.14995018652585956
0.1499508775397328
0.1499515685816682
0.14995018626530968
0.14995018622369055
0.14995018619123476
0.14994984060215144
0.1522368740843129
0.1522336445465753
0.1522307752461122
0.15222769492986846
0.15452397687470382
0.16657714839611276
0.16657266922082262
0.16670569519063716
0.20852332604982995
0.19645956428371303
0.1964531047269803
0.1964469567827004
0.1939991320782466
0.19399539232279453
0.19399267251869198
0.1939905352266219
0.19306516068411045
0.19306395117922603
0.19306076308755546
0.1930571508297414
0.19657398504523535
0.196569816595143
0.19656703301577685
0.19656595469550794
0.20193208563580406
0.20193015403768272
0.20192799424839972
0.20192612603170182
0.2028174137155672
0.202819681383636
0.20282298087972048
0.2028238095817759
0.20019258353066308
0.20018956607699648
0.2001871862183567
0.20018408390524026
0.20585854667354767
0.2179141337509113
0.2179132482372708
0.21791260030010218
0.22948858865775368
0.2174320080769227
0.2174320080769227
0.2174320080769227
0.238339162136555
0.2383359320860148
0.2383381686413751
0.23834119233097617
0.2461566147848623
0.24616143415934508
0.24616573971483172
0.2461695977615118
0.23486834072506324
0.23487153718802342
0.2348717671753613
0.23487032770557298
0.22472325639552845
0.22472568298372123
0.22472979555539416
0.22473896473057176
0.21655161226047215
0.21654878044785072
0.2165504027704604
0.21655005718208054
0.19554839862634563
0.19554915303673237
0.19554958862265484
0.1955500987361085
0.17692332738691832
0.1769249344855434
0.1769279924976242
0.1769299491708641
0.15449201237505927
0.15449218507351986
0.1544923577863609
0.1544923577295435
0.153346188769757
0.15334662068595048
0.153346966216745
0.15334679340740007
0.15220554875442513
0.15220729597571236
0.15220883162420232
0.15221021385544842
0.151063919483028
0.15106413165083493
0.15106442969065156
0.15106459994405708
0.14991952356341842
0.15002070670808584
0.1499239430763902
0.1499266630310642
0.14992802320104154
0.14993074312648907
0.1499301445134214
0.14993261268951472
0.15222667548983523
0.15222820530532943
0.15222939508073755
0.15223060250121623
0.15452518637343923
0.1667083254110534
0.1666893000593006
0.16657209101819748
0.1678395288523662
0.1556513987382659
0.15575105261978592
0.15564354566259492
0.15564295081116888
0.15564155033482968
0.15564016802638642
0.15577288353261
0.15449166949106755
0.1544903095882149
0.1544888155962379
0.15448717413949156
0.1544876060733806
0.15448724981414574
0.15448631493594195
0.15448510083789088
0.15677740296993853
0.15677527893589577
0.1567746831305471
0.15677415580104145
0.1567701817836234
0.15676620777437578
0.15676210387080092
0.15675819415147477
0.15675437225477212
0.15675065742043096
0.15674754732889337
0.1567442124984317
0.1556002834096525
0.16765692235228927
0.1676570519255622
0.21792858265860632
0.22951633946062036
0.21745950391021002
0.21745933393777891
0.21745930772565186
0.23834603025088988
0.23834492029839338
0.23834361129435894
0.23834326572390765
0.16591728743452658
0.1659198265017292
0.16592577619757443
0.16592784328397459
0.16363717406427664
0.1636357080984302
0.23487488290381905
0.23487700782097992
0.22472492584621234
0.2247255027251187
0.22472603074692946
0.22472501080522392
0.2165358891758396
0.21653666667318835
0.21653832617398291
0.2165382216968207
0.19552742573726964
0.19553774947292393
0.19552311272262404
0.1955394772698019
0.1556199172234595
0.15562271711560174
0.15562331708495947
0.1556219572222288
0.15333608119113432
0.1533397959558451
0.15334353330668477
0.15334693314323738
0.15219794683212945
0.15219420707431405
0.15219345430099743
0.15219123223167846
0.15104437090078943
0.15104420099584082
0.15104357066721807
0.1510436059423519
0.14989801941420855
0.14989938865442484
0.14990082419509285
0.14990223956980747
0.14990354397263136
0.15000617385968
0.1499094098732493
0.1499125533107888
0.1522052033401083
0.15220848615155766
0.15220814598271237
0.15221038668950918
0.154619536538753
0.1665581093996311
0.1665385712291448
0.1665290682105518
0.20850501098516086
0.19644894874171376
0.1964454930974627
0.1964409143736081
0.15562062027091195
0.15561942061760808
0.15561732476633067
0.15561519993292286
0.15445886161809821
0.15445359195951472
0.1544493541972009
0.15444657988834734
0.15444089940420977
0.15443727967299467
0.15443323570324377
0.154428624731772
0.1567231231903132
0.15672044585191197
0.15671887486999023
0.201911623084491
0.2028003297314215
0.15671212697294623
0.15671212697294623
0.15671212697294623
0.15671212697294623
0.15671212697294623
0.15671212697294623
0.15671212697294623
0.15556518053909008
0.16762176111992105
0.16762176111992105
0.16762176111992105
0.22948858865775368
0.15900601984065857
0.15900601984065857
0.15900601984065857
0.16359380557608325
0.16359380557608325
0.16359477770569347
0.16359808194625955
0.16589941711979841
0.16590492630817688
0.16591020169040785
0.16591474765714778
0.23485718974558492
0.2348575722207186
0.23485427504220935
0.2348592807460698
0.224711924794651
0.22471658453480306
0.22472144223712556
0.24518282390683985
0.24211021344833025
0.8072837561822775
0.18692055941601562
0.16646755096912125
0.15906041665231307
0.15906027364810452
0.15905923690606472
0.15905778174721155
0.15562093721808706
0.15562582723443033
0.15562773676542813
0.15562960669409243
0.15448648325689904
0.15449115972091226
0.15449438954031183
0.1544964295460288
0.15335390292351647
0.15335698794710673
0.1533603624892824
0.1533637623585052
0.15221834575608897
0.15221971724787375
0.15222075383039668
0.15222179043573617
0.1512504691413123
0.15107955845693566
0.15108193834359543
0.15108451973629466
0.14993722767350157
0.14993757318739853
0.14993843705627394
0.14993964649948446
0.14994111141649857
0.15009318259423532
0.14994655792378486
0.14994984071846884
0.15224183293828197
0.1522440790688479
0.1522464979875001
0.1524429731309299
0.154543516053786
0.16659584709574485
0.16659144268304157
0.16658479796850298
0.16771423559073928
0.15568886816577512
0.15567944824202484
0.15574303999213024
0.1940267116575401
0.19399688907835258
0.1939876381863917
0.15560351131792066
0.15444491170431912
0.15444092772111795
0.15443799865539504
0.1544377464567115
0.15443551145690743
0.15443428127695188
0.15443295101162255
0.15443083011185266
0.1567251087720499
0.15672257071561269
0.15671748164933044
0.15671614416620286
0.15671212697294623
0.15671212697294623
0.15671212697294623
0.15671212697294623
0.15671212697294623
0.15671212697294623
0.15671212697294623
0.15671212697294623
0.15556518053909008
0.16762176111992105
0.16762176111992105
0.16762176111992105
0.17106260042148957
0.15901354667841266
0.15902508979846477
0.15903858933572734
0.16363746303469223
0.16363956288446074
0.16363981996047303
0.16363973426228265
0.16594117461337166
0.16594785876547644
0.1659543821215011
0.16596018640691593
0.16366878582233735
0.16365514356276997
0.16366707116675067
0.23490626645002505
0.22475373898877785
0.22475335991023704
0.22475297509142206
0.22475293206082153
0.21656719502766292
0.21656807446151968
0.21656906344773277
0.21656943431950346
0.1955604704105134
0.19555571883792017
0.19555264844012454
0.19555165845964897
0.1769259189019564
0.17692603920623018
0.15563606626196813
0.15563999535950296
0.15449897924296369
0.15450393423744416
0.1545091786421348
0.1545144739786593
0.15336839135183608
0.1533711557848357
0.1533732813701915
0.15337549127351457
0.15223143486569235
0.15223423110192294
0.15223670458507982
0.15223959471161455
0.15109366862945892
0.15109436933629247
0.15109506011943388
0.1510960480787137
0.1499491503507876
0.14994984122564267
0.15006628110069994
0.14995148106909625
0.1499514812574491
0.15011109958058405
0.1500847564214182
0.14995556080704148
0.15224684389850943
0.15224822603646423
0.1522494533850287
0.1522503032991327
0.1949587233655899
0.207148961056867
0.20700664127401752
0.20708195526801196
0.20854644086005905
0.19653760758493505
0.19647866734943636
0.19647237003570078
0.19402018446956057
0.1940431144371374
0.19400452989848344
0.19401409969359076
0.15447633699136007
0.19306406636757784
0.19305396126806093
0.19302832984712076
0.19656051146116282
0.19655537511647758
0.19655305023018882
0.19654594601183453
0.201911623084491
0.15671212697294623
0.15671212697294623
0.15671212697294623
0.2028003297314215
0.2028003297314215
0.2028003297314215
0.2028003297314215
0.20016891231704276
0.20016891231704276
0.20016891231704276
0.20016891231704276
0.15556518053909008
0.16762176111992105
0.16762176111992105
0.16762176111992105
0.17106260042148957
0.15900601984065857
0.15900601984065857
0.15900601984065857
0.16359380557608325
0.16359380557608325
0.16359380557608325
0.16359380557608325
0.16588769844379553
0.16588769844379553
0.16588769844379553
0.16588769844379553
0.16359380557608325
0.16359380557608325
0.16359380557608325
0.16359380557608325
0.16244685914222703
0.16244685914222703
0.16244685914222703
0.16244685914222703
0.16129991270837088
0.16129991270837088
0.16129991270837088
0.16129991270837088
0.15900601984065857
0.15900601984065857
0.15900601984065857
0.19549196211496206
0.15556518053909008
0.15556518053909008
0.15556518053909008
0.15556518053909008
0.1544182341052339
0.1544182341052339
0.1544182341052339
0.1544182341052339
0.153280127146345
0.15328611145379223
0.15330737766313407
0.1533200123699412
0.1521681416051534
0.15216284391033874
0.1521588113386731
0.1521577017131939
0.15100939538034397
0.15100862525666714
0.15100767494044404
0.15100694060433267
0.14986293146137367
0.14986595514140402
0.14986897881958972
0.14987218079048242
0.14987218078583017
0.14987364391777291
0.1498745942067655
0.14987600553844282
0.1521683143140686
0.15217074836129266
0.15217329825413886
0.1521755081706416
0.154475252339318
0.16653227119750194
0.16651646214653568
0.16651088300113887
0.20846935519285772
0.1964081424036443
0.1964206366604148
0.1964227403058489
0.1939778408416408
0.19397584347103555
0.19397406812966209
0.2139421290192953
0.19303358598157905
0.19304367914923684
0.19303188608855906
0.19303519369989397
0.1965510964499346
0.19654766362039663
0.19654588341800064
0.19673111373129235
0.201911623084491
0.201911623084491
0.201911623084491
0.201911623084491
0.15671212697294623
0.15671212697294623
0.15671270471576734
0.15671577701158662
0.1567188223094789
0.15672598116740566
0.15672990201021728
0.15673010930595754
0.15559144399457317
0.16764982388906735
0.16765087499943332
0.16765009746608836
0.17109326932105243
0.1590393803296868
0.15904437755172238
0.1590491290504288
0.16363562301490142
0.16363562300544882
0.16363545300954108
0.16363494304405923
0.16593615471024975
0.16594412416700757
0.16595282097619332
0.1659619948747276
0.16367103925251203
0.16367361571123643
0.16367606534711338
0.16367872812391004
0.16253100410228122
0.1625295590182371
0.16252819915606026
0.16252703015307102
0.16138885648994375
0.16139718917121323
0.21659342550601893
0.21660139211084795
0.15911617311527868
0.15911549341087247
0.15911464369508732
0.15911366372051813
0.15567714376742364
0.1556795836740068
0.15568213372521184
0.15568451389630844
0.15454266714367154
0.15454609345398082
0.1545501467668797
0.15455369636894467
0.153399492635948
0.15339361776835608
0.1533885808177811
0.15338501116589656
0.15224667144190707
0.15225693337449783
0.1522689602476759
0.15228243195936542
0.15112358633359724
0.15131414857808048
0.15110590722233966
0.151101827580144
0.14995522099467787
0.14995590081990523
0.14995624066946284
0.15007040391982485
0.14995813430867058
0.14996245378556847
0.14996847990989048
0.1499756197254407
0.15226619561443755
0.15226645262792557
0.15226747272222504
0.1524084369682487
0.15455660593062234
0.1666057840507013
0.16678570041893737
0.1665909243775069
0.208606239980095
0.19651294100742386
0.19648000782347694
0.19647797642141723
0.19402676230220955
0.19402078333972758
0.1940159665302858
0.21446690574836083
0.21865840508819231
0.7838235839702364
0.2186407754622788
0.1981772641813409
0.19658057641998614
0.19657847416535848
0.19657535271778487
0.19657307822238113
0.20192594479588621
0.2019316874453997
0.20193924641219246
0.20194655599168612
0.1567507571722347
0.15675108944658406
0.1567520745889496
0.1567534345217154
0.15674722989774206
0.15673683490277793
0.15673295073786692
0.15672415696490882
0.15558051499628384
0.16763697521162563
0.16763662042410596
0.16763692279063916
0.22950375032554277
0.21745310913982213
0.21746133789789024
0.2174701065935051
0.23836477710359816
0.2383697409726818
0.23837441349675126
0.16364831840889618
0.16596884017086802
0.16597408964868782
0.16600409608687647
0.1660224897170147
0.16373735108002208
0.1637405067022035
0.16374205275617396
0.16374571307670968
0.22481876013441268
0.22480915591280515
0.2248010086544815
0.22478841686847628
0.21659884249540198
0.2165963629788838
0.21659411670318554
0.21659221602368478
0.15911515320020786
0.1591224752645465
0.1591297723217595
0.1591373344130137
0.15569960505097186
0.15570066203795707
0.15570185233108552
0.15570237004270304
0.1545552505744143
0.15455404092783834
0.15455252576149078
0.15455150593238112
0.15340864959698067
0.15341245066437834
0.15341642455122675
0.15342019855815128
0.15227466204138604
0.15227569850397038
0.15227638947594857
0.15227742607207492
0.1511348052455646
0.15129841935891886
0.15141350815104945
0.15130437326287693
0.15019844721966605
0.1501755655429825
0.1502420123321341
0.1499973777756754
0.15847833008975332
0.15841573584588123
0.15857148018718967
0.15846617713724323
0.1753248044658501
0.1753224250389937
0.17531868533244876
0.17542036645697393
0.194987961782127
0.20703947014806634
0.20703434294665918
0.20702890360749066
0.20857550665243013
0.1965171980220073
0.19669072830450413
0.19651434499396403
0.19417477898269683
0.19410863112008092
0.19409317753568323
0.19407133827989773
0.19311124834387924
0.19315112005376123
0.1931041670497714
0.15457478005859854
0.154569740566328
0.1545035244282952
0.1546117735853056
0.15456992057125613
0.15679764294127596
0.2019903715433914
0.20199182767423454
0.20199205339765502
0.20287808183592157
0.2028775634280573
0.20287929120047452
0.2028798848629817
0.20024744768821862
0.20024631902011622
0.20024472786210376
0.2002425179746043
0.205908286455367
0.2179596840935004
0.21795467278744687
0.21795067464591736
0.22954215124502553
0.21748793471165315
0.21749173130034044
0.21750077552518704
0.2383974761897668
0.23840271678371858
0.23840689286751252
0.2384117306972926
0.24623667201018964
0.2462474034779919
0.2462583962494684
0.2462692190227089
0.1637360915336613
0.16374289609146542
0.16374815664255823
0.16375267119835152
0.16260280963507417
0.16260011753983794
0.16258319093051432
0.22482156741214143
0.21663114062444414
0.216624511266929
0.21661669200789466
0.21661210220082985
0.19561367521688144
0.15913698930193065
0.1591418417346603
0.15914614635167365
0.15570865176453896
0.15570967178555503
0.15571069170122379
0.15571171153863164
0.1545617053199268
0.15455864575342623
0.154555596311433
0.15455438660524784
0.15340744002327653
0.15341169909911614
0.1534140792044696
0.1534157791179331
0.15227224306413964
0.15227569848882683
0.15227869214923007
0.15228209263330875
0.15138665547800798
0.15114092541499802
0.15114364512158845
0.15114672170742385
0.15000288508074583
0.15021481140290824
0.15013869947094816
0.15001267713973204
0.15001165773284925
0.15001199806655535
0.150109634299126
0.15001301823433066
0.15241258508195232
0.15243164386921335
0.15229781465711156
0.1522950499576305
0.19502504813772756
0.20736344479192217
0.20712934631264773
0.20705951300404155
0.20864078088524668
0.15570627188827094
0.1557849565638582
0.1556827981288154
0.1556903781843197
0.1556821039612517
0.19407885103794742
0.19405153940106729
0.19311832350896538
0.19309024333336225
0.19312078353877843
0.19307929198528065
0.19659609884318735
0.19661862426032178
0.19659399760572996
0.19659117368842743
0.201935010450034
0.2019292155669248
0.20192387400506487
0.2019186184850672
0.20280365669549838
0.20280622624776407
0.20280778802830327
0.20280840191096627
0.20017089931497503
0.20016891231704276
0.20016891231704276
0.20016891231704276
0.20584003734407255
0.21789661792490353
0.21789661792490353
0.21789661792490353
0.22948858865775368
0.2174320080769227
0.2174320080769227
0.2174320080769227
0.23832205667491077
0.23832205667491077
0.23832205667491077
0.23832295658338684
0.24614732866448735
0.24615122395074257
0.24613606671851912
0.24615992508866943
0.23485294147596678
0.23487828074905714
0.2348868829751134
0.23489463177415848
0.22474318399272844
0.2247447134677119
0.22474564881807885
0.224746174433287
0.2165605969728862
0.2165614953134422
0.21656215200606052
0.21656146083530883
0.1955616578772657
0.19556318786562482
0.19556444440606904
0.19556556764158595
0.1769390503328382
0.15564847537995385
0.15564984379827554
0.15565191713870324
0.1545047978867882
0.15450341560139805
0.15450255166866503
0.15450220872788087
0.1533544123618529
0.1533532224965506
0.15335284080312891
0.15335237261479173
0.15221332407539465
0.15222191534302398
0.15223250318009796
0.15224503408588164
0.1512157529135713
0.15109179789031252
0.15108935776405896
0.15108703818311736
0.14994332169689262
0.14994638547961942
0.1499497812994433
0.15013003009308679
0.14995284108120227
0.14995386106047442
0.14995522092257033
0.14995658070102832
0.15224442488643178
0.15224269697240422
0.1522394239787134
0.15223653424205902
0.15467675985080245
0.16658530791459458
0.16658012557266788
0.1666258689983782
0.16774509645574992
0.1556410989796161
0.15563336673347236
0.15562468026740486
0.1939928730758852
0.19398570056779357
0.19397022714152787
0.1939768078306749
0.1930441848987079
0.15442438750871676
0.1544338841856785
0.171882015197451
0.16499228655187168
0.154428752318904
0.1544271628215137
0.15442435624562165
0.15671528799148357
0.15671212697294623
0.15671212697294623
0.15671212697294623
0.15671212697294623
0.15671212697294623
0.15671212697294623
0.15671212697294623
0.15671212697294623
0.15671212697294623
0.15671212697294623
0.15671212697294623
0.15556518053909008
0.16762176111992105
0.16762176111992105
0.16762176111992105
0.17106260042148957
0.15900601984065857
0.2174320080769227
0.2174320080769227
0.23832205667491077
0.23832205667491077
0.23832205667491077
0.23832205667491077
0.24613566355952593
0.24614383603381795
0.24615076042506787
0.24615665728238773
0.23486692965591913
0.2348749844841091
0.23488257336879115
0.23488996729701392
0.22473631497858476
0.22473427125855333
0.22473011035573695
0.224732543448707
0.21655309872347497
0.2165572099332024
0.21656359441591178
0.21657164959510303
0.19558035689609335
0.1591068240573802
0.15910121460620527
0.1591224758932301
0.17697550787040253
0.176975166414777
0.17697380638920343
0.1769739763346217
0.17030297236863037
0.17029830715327743
0.17029312362565086
0.17028863124938823
0.16187995112587664
0.16187960553504643
0.1618630966115801
0.16187890597823817
0.15742114885394742
0.1574323122702417
0.15221715574626052
0.1522161358174801
0.1510744986441521
0.15108006863561632
0.15108365601808113
0.15109162815827332
0.149945021897825
0.14994502206398205
0.14994230239285924
0.14994315222592136
0.14994315210953063
0.14994264206859015
0.1582309311800306
0.15823084926937017
0.17526787620826703
0.17526938853693136
0.175270295260761
0.17536214269065428
0.19494401366622677
0.2069967929203705
0.2069932054879218
0.16663676478752817
0.1677251147122763
0.15583729702969992
0.15567265098170593
0.15567397386097115
0.15566513465477283
0.15578912961356972
0.15568045860930074
0.15564180598386804
0.15452495490720106
0.15447781529579419
0.1544707609228526
0.15446560527166298
0.15446154486755953
0.15446005152090375
0.15445878868431015
0.15445686906089143
0.15674577428209596
0.15673962816530965
0.1567337932562277
0.1567279437582065
0.156729125938264
0.15672981557668447
0.15673035836532934
0.1567310466462575
0.15672980589706687
0.15672691607838163
0.15672493995118555
0.15672294747780943
0.1555859192871775
0.1676486287931966
0.16765605717597049
0.16766438080589444
0.17110475933366323
0.15905018334601265
0.21747024270698093
0.21745459937307043
0.2383378975816951
0.23835433959610294
0.23836123508652596
0.23836434515274263
0.2461849180721294
0.24619238819572434
0.2462000580931488
0.26666375646640617
0.2604751319908817
0.8256447113068055
0.26046852304349305
0.24001210087981453
0.22475127413766616
0.22473419020119167
0.22475997278097617
0.2247630425002182
0.21657910424155005
0.2165789537469986
0.21657943032742233
0.21658371355786135
0.15909968448377476
0.15910260542166185
0.15910427413701814
0.15910563424672342
0.15566904468308307
0.15567126923071725
0.15567363428300268
0.15567576164234828
0.15453212739011235
0.15453365718562864
0.1545364172381034
0.15453926676296553
0.1533943603363671
0.15339606020083243
0.15339776439039368
0.15339983763451306
0.1522548932613565
0.15225642340353152
0.152258123347423
0.15225965316809675
0.15111821246372484
0.15113428102865178
0.1511416046416243
0.15114844921964324
0.15000417820435777
0.14999737891347809
0.1502579108690744
0.15000046621429786
0.1499990837460288
0.1501826071226458
0.15012152170474108
0.15014132496638197
0.1522905906606663
0.1522926308674979
0.15229470418452973
0.1523866924502487
0.1545899792421989
0.16663936426293954
0.16663135522598155
0.16662340716259097
0.16776829178139183
0.15582310815183117
0.15572534946974656
0.15576916799080398
0.19417925542235467
0.19420292360449726
0.19415023304257067
0.19428814307008638
0.19316292680001323
0.19315475889600733
0.19314489576924992
0.1931773435760571
0.1966553172232162
0.19668761163178652
0.19670558096781426
0.19665527316584666
0.2020112370511996
0.20202533016452337
0.202035005004706
0.20204544572345498
0.20292578218995883
0.20291764894666992
0.20290987363716687
0.20290555401259008
0.20026774361503194
0.20026257638577005
0.2002578950323898
0.20025297204346917
0.2059297917393595
0.21799147539507052
0.21799725178271925
0.21800374302997477
0.2295858228788522
0.21752431274048104
0.21751805390506054
0.21750310811112217
0.23839574849097905
0.23840500189890446
0.2384273674406851
0.23843901997854747
0.24626488840814195
0.246280664790527
0.246295074808579
0.24631022018167203
0.2350146935684432
0.23501835491974912
0.235022434636323
0.23502481416979193
0.22486346924776887
0.22485284347975137
0.22484351292344554
0.2248348736365883
0.21662867294763555
0.21661830596449821
0.21663165011478447
0.2166342019693021
0.19563441325147604
0.19563779032896184
0.19563951801808863
0.19564297356206958
0.1770178336210459
0.17702089394958292
0.1770232739148102
0.1770256536364839
0.17036171862068225
0.17036275502085013
0.17036344596086472
0.17036379141668118
0.15344406959670584
0.15344501731422908
0.15344648958898519
0.15344807764867996
0.15230283167017467
0.1523038518240987
0.15230487180884736
0.1523054183152834
0.1511596245429397
0.15116132447959743
0.15116268427685373
0.15116472391983232
0.1500208379909488
0.15002355891344035
0.1501872391995593
0.150028997894169
0.1500300181060895
0.15003171803792134
0.15003375777779746
0.1502250251670391
0.1523242501853426
0.15232289073307462
0.15232017134307413
0.15255535167741613
0.1546117511791629
0.16693216300903477
0.16676474230844313
0.16664828823195352
0.2086002140656639
0.19669121712965487
0.19651363751513656
0.19660211908339786
0.19407904833532313
0.1557158028509157
0.15569749113800957
0.15568709330418817
0.15453084435769537
0.1545016310906195
0.15449619687134988
0.15450498364156573
0.19660210529415276
0.1965993124304073
0.19659532418962208
0.19659167996868013
0.20195684381293585
0.20194857264469812
0.20193990983327284
0.20193610101159593
0.2028213128431567
0.20281777173643034
0.20281456526432956
0.20281232731812113
0.200175794148696
0.2001706185444025
0.20016891231704276
0.20016891231704276
0.20584003734407255
0.21789661792490353
0.21789661792490353
0.21789661792490353
0.22948858865775368
0.2174320080769227
0.21743582547108628
0.2174419847878167
0.23834111328556212
0.23834742026432895
0.23835262559168854
0.23835556588091836
0.24618079586106423
0.2461890965784203
0.2461988587493831
0.24620813335911126
0.2349150191877054
0.23491563727979897
0.23492413554248698
0.23492938288462878
0.22477680099389175
0.22477633297668317
0.22477583776195603
0.22477532786704651
0.21658561714486843
0.21658694650123161
0.21658681672438923
0.21658373034298012
0.19558949801173334
0.1955935311286039
0.19560228572784677
0.1956082449720416
0.17698051825337507
0.1769807760053892
0.17698077618642566
0.17698086397075005
0.15454505643462493
0.15454759638469767
0.15454980648868769
0.15455167639993983
0.1534081315863899
0.1534119325594
0.15341590637960031
0.15341953467791056
0.1522720698018193
0.15227103304512116
0.1522701919237354
0.152268832128268
0.15112256575577213
0.15122871858379058
0.15112290577676116
0.15112324574024183
0.15430446527568217
0.15451136758909306
0.1501077976304706
0.14998751878729163
0.15014464730996013
0.14998683929478535
0.14998717941210765
0.15015804805901042
0.1522743163109366
0.15227189719105608
0.15254416939649787
0.1522936675231655
0.15469146050381372
0.1666580632684368
0.16666248321229546
0.16666928350346508
0.16790331385611024
0.1557497900220493
0.15591776691376039
0.15574571000148954
0.15573959104838958
0.15573279142199933
0.1557693037161389
0.1557178765412075
0.19316819701724902
0.19316547700666536
0.1931636486156065
0.19327850428406537
0.196670897254987
0.19665993254174505
0.19666859754735133
0.19664163035729754
0.20197345703004393
0.20198782032003054
0.20199071304443128
0.2019712896168892
0.20288226500766607
0.22333851338026026
0.22842120280905648
0.7936204076405055
0.22580991529074615
0.2053505197935916
0.2002348492233733
0.20023219384564697
0.2058951330239217
0.21794267545487486
0.21793469531869786
0.21792687607791122
0.2295082538082486
0.21744896454395804
0.21744677828139514
0.21744731012328922
0.2383441553421803
0.2383502749844859
0.23835460973568934
0.23835691009182286
0.24616179950998437
0.24617485758424418
0.24618469562986736
0.24618987996855593
0.23489483405568196
0.23489440417882254
0.23490217900645965
0.23490721674664958
0.22476059273172144
0.22476533445461716
0.22477126203734552
0.2247769014994702
0.2165913629892072
0.2165923889440748
0.2165920432887492
0.21659463495000367
0.19559200292313575
0.19559463568301835
0.15911549319431123
0.15911804322343506
0.15568215437412591
0.15568281365012449
0.1556873380448438
0.15568910319009543
0.15454609316236528
0.15454747525246587
0.15454912613536123
0.154550316278167
0.15340830427123048
0.1534129691785675
0.15341713862733758
0.1534222992524809
0.15227767219234503
0.152279845962078
0.15228175229788365
0.15228399282581628
0.1512223981429574
0.1511395651473812
0.1511409252280787
0.15126569996130956
0.15014938373552023
0.15017145041480864
0.1501647763756696
0.15000621792633892
0.15024456280390566
0.15012507443934722
0.15000621815045093
0.15000689888264587
0.15243718872769982
0.15238947715223142
0.1523921881551765
0.15228345210990563
0.15457700537139038
0.16662617281873102
0.16661862636488972
0.16664189035782628
0.1678776258461018
0.15586384377995408
0.15567754363559627
0.15569379556375632
0.15570202270371974
0.1557721665056467
0.15575153775968478
0.15565544491889416
0.1545044190117403
0.15450104072634505
0.15449896086277393
0.15449861898666792
0.1544977895479838
0.15455464309311048
0.15448079052779426
0.1544736509232098
0.20196072188751438
0.2019706623234667
0.20197087547443865
0.20196703993385598
0.20285668153078784
0.20285668151760833
0.2028568297590198
0.20285727640526535
0.2002255189959945
0.20022454834756462
0.20022290687041777
0.2002209291748122
0.20588919394264316
0.21794326915562176
0.21794030527866595
0.21793964078401512
0.22953227606371165
0.2174801280709679
0.2174847499704991
0.2174925244696691
0.23838975007930915
0.23839373381777154
0.23839825382347127
0.23840135974073778
0.24621827862710408
0.24622058616122675
0.24622314985978272
0.24622272229224051
0.23493055459237275
0.2349335661372952
0.23493922392881095
0.23494738355100217
0.22478549411513982
0.22477615424647515
0.22476784819784065
0.22476138856715305
0.21657696126399847
0.21658120405635806
0.21658467363701708
0.21658796327244295
0.19558545663036422
0.19558562654881048
0.19558579647375074
0.19558528646341616
0.17695867738837265
0.15566683464789793
0.1556678545901233
0.1556687044871662
0.15452466820428495
0.15452674145209858
0.15452916029601718
0.1545319570448308
0.15338705172142839
0.1533885805909817
0.153390334945957
0.15339198052692965
0.1522508181520302
0.15225676332907104
0.1522632583858577
0.15226985233392717
0.15112256589579795
0.15112201351851534
0.1511218858291497
0.15112188591819248
0.15006358749360565
0.1500941820331887
0.1499818053826209
0.15013380590391107
0.1499842242098743
0.14998513854721388
0.1500772149523443
0.1499868389266061
0.15244393368891834
0.15243347719147599
0.15227535286650223
0.15227444210142127
0.15456717262891323
0.16666958212863386
0.1666086572925027
0.16665725858941893
0.16776878480199656
0.15573814769883143
0.1556604987021557
0.15574269722597642
0.1556797153448414
0.15569021969113728
0.155634727836382
0.15563088094949024
0.19307190774289915
0.19306147755910583
0.19305333308655825
0.19306546873929048
0.1965804445700574
0.19657719156393827
0.19657296011920497
0.19656759348540184
0.20192118226905484
0.20191922551259767
0.20191961427243008
0.20191870716402496
0.2028051956855313
0.20280264069624818
0.2028003297314215
0.2028003297314215
0.20016891231704276
0.20017116468005608
0.20017535409528397
0.20017970041800157
0.20585231569176693
0.21791207366416515
0.2179169045200487
0.2179177199974973
0.22950922534604593
0.21745469476492996
0.21745450074127018
0.15903554402127906
0.16361743418715233
0.16363468806376225
0.23836876131173892
0.23837462616309812
0.2461995065877885
0.24619573557543306
0.24621884510039027
0.24622778504880208
0.2349152092829924
0.23493218367190238
0.2349349741522835
0.23492190334178836
0.22477711257327204
0.22477016685262466
0.22476398572316333
0.22475815866653726
0.2165755488780806
0.21657936184182808
0.21658031348229193
0.2165859958740648
0.1955825665522754
0.19558120681231095
0.19557950712748812
0.19557814744870067
0.17695200968946037
0.1556617663293673
0.15566428492911966
0.1556662586476972
0.1545163747197741
0.15451444857321298
0.15451481987108964
0.15451672030110816
0.15337396157916444
0.1533787584241372
0.15338484079319945
0.153392320453636
0.15224822636158206
0.15225030353508967
0.15225254562440385
0.15225461891120884
0.1511104964940659
0.1511135563461903
0.15111712632247834
0.15112086633249927
0.14997018029078713
0.14996678045896972
0.14996474040619434
0.15012971001625472
0.14996418184554866
0.14996592993313712
0.14996781012750654
0.14996953785717015
0.15225807442477415
0.15225744283810808
0.15225600118962337
0.15225427328550875
0.19495940326353867
0.20715474909802925
0.20700161984822035
0.16658573555945172
0.16776318129611614
0.19647456580850625
0.1964984266209024
0.1964886163963819
0.19400797159467562
0.19399884135334589
0.1939914755373207
0.19398523610573248
0.19305327496421784
0.19304641072652132
0.19304078781799022
0.19303735970236324
0.19655347755011798
0.1965510486015491
0.19654716039264677
0.1965425969393622
0.201911623084491
0.201911623084491
0.201911623084491
0.15671212697294623
0.15671212697294623
0.15671212697294623
0.15671212697294623
0.15671212697294623
0.15671212697294623
0.15671212697294623
0.15671212697294623
0.15671212697294623
0.15556518053909008
0.16762176111992105
0.16762176111992105
0.16762176111992105
0.22948858865775368
0.2174320080769227
0.2174320080769227
0.2174320080769227
0.23832205667491077
0.23832205667491077
0.23832205667491077
0.23832205667491077
0.24613566355952593
0.24613566355952593
0.24613566355952593
0.24613566355952593
0.23484521429554606
0.2348697618537316
0.23489053115419806
0.23491248984000937
0.22475340694152615
0.1625150666288231
0.1625088628998497
0.16250208516986958
0.161362248471011
0.16136926856105285
0.16137585068241264
0.16137946800520162
0.15908688216330857
0.15908601815998444
0.1590842152133066
0.15908362032470233
0.17693946865210242
0.15564830574707997
0.15563723095866835
0.15565357540902003
0.1544887295606834
0.1544928762574539
0.15451533789935917
0.1545181881473302
0.15337498155128323
0.15337806728984776
0.15338117724874234
0.15338433073904256
0.15223561303380959
0.15223353955292962
0.15223181166496239
0.1522304293583056
0.15118857491048135
0.15120704827050974
0.1510931586211944
0.15109672734974777
0.15011078432480993
0.15014072964670006
0.15006775755395355
0.15016657398026645
0.15825294733506023
0.1582207365200654
0.15825090769001685
0.15822472938861182
0.15240258934202083
0.15239356641935228
0.15225404334275322
0.15225625386414382
0.15454946713364145
0.16659890792245735
0.16659212129968337
0.16658526729299522
0.16771329606512866
0.155685967204566
0.1556346087534706
0.15562289215821382
0.15561650051109902
0.15560809638889314
0.15560710004950887
0.15560519978774104
0.15444949732920302
0.1544414519767883
0.15443449993741487
0.1544293414364632
0.1544275168473358
0.1544246687050755
0.15442102096120983
0.15730783822891456
0.15671212697294623
0.15671212697294623
0.15671212697294623
0.15671212697294623
0.15671212697294623
0.15671212697294623
0.15671212697294623
0.17303234084008418
0.15671212697294623
0.15671212697294623
0.15671212697294623
0.15671212697294623
0.15556518053909008
0.16762176111992105
0.2415554854444711
0.2515619701384514
0.264375723690172
0.24614352033753217
0.24037975640355577
0.23121950749516335
0.24315117197861763
0.26038456993205716
0.26098193818347243
0.23832205667491077
0.24613566355952593
0.24613566355952593
0.24613566355952593
0.24613566355952593
0.23483663514001424
0.23483663514001424
0.23483663514001424
0.23483663514001424
0.22468455315435856
0.22468455315435856
0.22468455315435856
0.22468455315435856
0.21650261835767232
0.21651398030634447
0.21651756786887438
0.2165285919664304
0.1955252932342004
0.19552710176010224
0.19552672502914728
0.15903338821825563
0.15561107783601272
0.15561364608700207
0.15561502831395801
0.15561606497775438
0.1544728858213723
0.1544746707534873
0.15447628905914804
0.1544779005577088
0.15333573561156294
0.15334005511692697
0.15334438322589813
0.1533484630938551
0.15220457664214634
0.15220712649487692
0.15220952317360267
0.15221205617941067
0.15106714979216934
0.15106867974179142
0.15117147409009474
0.15121270083723184
0.14992599719372635
0.1500165582757895
0.1499273792402739
0.14992836248096802
0.14992904271481708
0.14993108273181985
0.15002597031884685
0.14993499236532196
0.15222403687164132
0.1523377034589271
0.15222127211782047
0.15221902587507644
0.1545137825972291
0.166566268989993
0.16656146496949573
0.16661848033728224
0.20849103427831944
0.19641855424505458
0.19642531453618023
0.19643071090811842
0.19398430900384292
0.1939791226731689
0.19397630649504063
0.19397470752276746
0.19304131971947525
0.1930345919139445
0.1930295502893484
0.19302546469911255
0.19654290785370174
0.1994836042179633
0.2044271934191683
0.21310265996802677
0.201911623084491
0.201911623084491
0.201911623084491
0.201911623084491
0.2028003297314215
0.2028003297314215
0.2028003297314215
0.2028003297314215
0.20016891231704276
0.20016891231704276
0.20016891231704276
0.20016891231704276
0.20584003734407255
0.21789661792490353
0.21789661792490353
0.21789661792490353
0.22948858865775368
0.2174320080769227
0.2174320080769227
0.2174320080769227
0.23832205667491077
0.23832205667491077
0.23832205667491077
0.23832205667491077
0.24613566355952593
0.24613566355952593
0.24613566355952593
0.24613566355952593
0.23484981148757988
0.23486624749026486
0.23487865099528654
0.2348903931104162
0.22473751097926695
0.22473686746163693
0.22473500558881035
0.22473018151610688
0.16135805015203689
0.16135950770948715
0.1613599800556919
0.16136150967214577
0.159071313765182
0.1590767742386847
0.15908083457331273
0.15908438510511544
0.1556459258019594
0.15564558589030383
0.15564558595317893
0.15564552462848077
0.15449736860364932
0.17026703374500726
0.15449183962711724
0.1544913296182283
0.15334644794554225
0.15334834850825654
0.15334990351183123
0.15335163130283064
0.15220831590719813
0.15221176888959448
0.15221522450599742
0.15221851521252117
0.15107156878790423
0.15107122882429194
0.15107054890486993
0.1510702089833198
0.1500498032651699
0.14992445244843106
0.14992530568702422
0.1499258239980388
0.1499259825383611
0.150056905665133
0.14992858880643276
0.1499299709687352
0.15221902586309094
0.15221868531600333
0.1523179032372915
0.15221562552955914
0.1949260855827063
0.2069814153122701
0.20696566723391582
0.20698113642356442
0.2085309340676827
0.15563878609494283
0.1556524356256553
0.1556501893927027
0.15564915529215195
0.1557134535103511
0.15570597150502336
0.15569911455991534
0.15454903043146176
0.15448268181864697
0.15447611567278263
0.15446971257986591
0.1544655195935637
0.15446165255353375
0.15445866329264835
0.15445543761723574
0.20193916141572665
0.20193518082771764
0.2019318943601402
0.2019283962799327
0.15672921094150377
0.15672616896599006
0.15671212697294623
0.15671212697294623
0.20016891231704276
0.20016891231704276
0.20016891231704276
0.20016891231704276
0.20584003734407255
0.21789661792490353
0.21789661792490353
0.21789661792490353
0.22948858865775368
0.2174320080769227
0.2174320080769227
0.2174320080769227
0.2383225613320575
0.23833497590025837
0.23834307168192195
0.23835027275544
0.24617161170402715
0.2461804569117022
0.24618392746044115
0.2461891684996553
0.23488882193179061
0.23488882206807302
0.2348874195212546
0.23488419270476563
0.22473627254776823
0.2247381157239529
0.22474084997152835
0.2247428634178759
0.21656020992370756
0.21656419505515123
0.21655728007009573
0.2165707942724149
0.19554380902947072
0.19556369784317712
0.1955690525321338
0.1955690231399519
0.1556507078284568
0.15565295392907305
0.15565816478504743
0.15566107465891724
0.15451551042080758
0.15452056771954104
0.1545231175850349
0.15452535899693387
0.15337962197986446
0.15337979471852015
0.1533804858172905
0.1533811769235067
0.15223670412219267
0.15223925404126662
0.1522414874572601
0.15224401385922073
0.15278923930447552
0.15109400790610528
0.15107734915381213
0.15109350500270938
0.14994759502996902
0.14994842148176307
0.1499494417160239
0.14995087823493836
0.1499518214012854
0.15015237994101038
0.15009742507997106
0.14995865284876947
0.1522480936055904
0.1522474137270967
0.15224537399732221
0.1522440142970091
0.19495299864042723
0.1665977174270016
0.16659652756158064
0.207198572061575
0.20853317472409927
0.19648336282011789
0.19648251290951776
0.1964767334572028
0.19406814676502868
0.19401562482879423
0.19400815682244432
0.1940213509161684
0.1931185431306018
0.19309272100138752
0.19313113055735728
0.19309140912301193
0.19660744396032465
0.19660606166989103
0.19660531130451417
0.1965851169049427
0.20193986606416434
0.20193611497523686
0.2019225403951618
0.2019286429053069
0.2028145853829031
0.2028120058883808
0.20280994074628278
0.20280680442510796
0.2001762339658413
0.2001763095576296
0.200175796892453
0.20017653633510693
0.20584010213742507
0.21789661792490353
0.21789661792490353
0.21789661792490353
0.17106260042148957
0.15900601984065857
0.15900601984065857
0.15900601984065857
0.16359564358786902
0.23832352889112918
0.2383267109985466
0.23832957031010749
0.24613566355952593
0.24613620540128403
0.24614606833835043
0.24616942484427826
0.2348838059662889
0.23489015442876707
0.2349012556594649
0.23491052827133918
0.22475424883232686
0.2247494761123099
0.2247451345979292
0.22474183963263036
0.21655714125502948
0.21655906478176556
0.2165608128718999
0.21656260920835593
0.15908135289047348
0.15908446292949505
0.15908574493088068
0.1590896547515639
0.15565323529424813
0.15565578531260107
0.15565782520649862
0.15566003829480993
0.15451585624909275
0.1545170656177227
0.15451810222834586
0.15451920790737902
0.15337634125790475
0.15338025113167175
0.15338399106231215
0.15338790105445096
0.15224235214582524
0.15224321578939926
0.15224469417348066
0.15224615308186498
0.1511004674674292
0.15110165738362305
0.1512838397612318
0.15119737949354048
0.15009676154218962
0.15012736885511782
0.15014807909726077
0.1501392875374005
0.14995761579541225
0.14995865246385343
0.1499596891388853
0.15006046340786944
0.1522513233796119
0.1524485315086076
0.15246735334248948
0.1523814895816453
0.15454851173593712
0.1668054419850235
0.1665958471213055
0.16659142780203265
0.16773032696173212
0.15567213313930686
0.15567049152946227
0.15572751070363766
0.15567057773828027
0.1557164325764365
0.15572944168633435
0.15566793916747132
0.15459210565205977
0.1545082061162872
0.1930987558171693
0.1930914991647794
0.1966541936940584
0.19660298587734606
0.19659894201414682
0.19659483102750477
0.2019605980666341
0.20195674155619636
0.22241058552017337
0.22752212379983153
0.7935801058954898
0.22840384999943794
0.22840189511162604
0.2283997489868444
0.20531436692377755
0.20020104990861848
0.20020614698035996
0.20020826495932992
0.20587856784060338
0.21793393892806692
0.21793312319530286
0.21793333567393558
0.2295261625898325
0.21747481489568157
0.21748033611629283
0.2174883351376551
0.2383834943462529
0.23838291297251935
0.23838019795923499
0.2383790390144414
0.2462008285256152
0.24620450943787603
0.24621332936794263
0.24621399768611538
0.23490276115532938
0.23489825644869722
0.23491135392862786
0.23491517055644093
0.22476818830980405
0.22477144048451042
0.22476550192924005
0.22477736767939238
0.2165853049416116
0.21658031358360333
0.16138509442344764
0.16138201768310692
0.15909154708958168
0.1590937931976468
0.15909223810914777
0.15909645424614538
0.15565867483262352
0.15565884480038583
0.15565917408554691
0.15565918468955217
0.15451481930267105
0.1545158081625026
0.15451672018641288
0.15451750822634816
0.15337202000877947
0.1533727716573552
0.15337362165870105
0.15337396164005043
0.1522288850279916
0.15223008410500366
0.15223146625300757
0.15223267564331325
0.15108434688936723
0.15108295841913938
0.15110709740273404
0.15110490864284443
0.14995813471982333
0.14993397209572795
0.14991833317523767
0.15007617317231386
0.1582211597358222
0.15822081988379585
0.15822021860378138
0.1582196299313366
0.17523833038367362
0.17523216064878713
0.17522969118277043
0.17522757086838456
0.19489788086204313
0.20694934838360524
0.20694452647329775
0.20694033644472026
0.20852153668851142
0.19687819336790893
0.19649696737498604
0.19643088024384334
0.1940078770934635
0.193996496097954
0.19401141791500298
0.1940146011734064
0.19308354181903692
0.19307940536636498
0.19307545562976136
0.1930728130963222
0.19658739325358904
0.19658203806589034
0.1965771245658469
0.19657175948941105
0.201911623084491
0.201911623084491
0.201911623084491
0.201911623084491
0.2028003297314215
0.2028003297314215
0.2028003297314215
0.2028003297314215
0.20016891231704276
0.20016891231704276
0.20016891231704276
0.20016891231704276
0.20584003734407255
0.16762176111992105
0.16762176111992105
0.16762176111992105
0.17106260042148957
0.2174320080769227
0.2174320080769227
0.2174320080769227
0.23832205667491077
0.23832205667491077
0.23832205667491077
0.23832205667491077
0.24613566355952593
0.24613566355952593
0.24613566355952593
0.24613566355952593
0.23483663514001424
0.23483663514001424
0.23483663514001424
0.23483904333019315
0.22469081444900102
0.22468825358286718
0.22469275261097654
0.22469502878065317
0.21651063911422755
0.16132587866252351
0.16133097835444488
0.1613359930527164
0.15904511750678046
0.15904878354406146
0.15905157712639562
0.15905388062521494
0.15561617748821205
0.15561908869683394
0.15562098926826218
0.155622976999751
0.15447807047022905
0.15447905354049804
0.15447994036186422
0.15448113027958593
0.1533355626942891
0.1533372904804326
0.15333860349051476
0.15333996858377966
0.15219624676615054
0.15219950148740924
0.15220321641834383
0.1522072962583364
0.15105949987257514
0.15114978284278036
0.15105762997966643
0.15105722035078367
0.1499096636644304
0.14990906450873343
0.14990830383400408
0.1499076823489373
0.14990847390371692
0.14991085387730269
0.14991306373199279
0.14991545760604094
0.15220372667483437
0.15233463908316955
0.15219950173434624
0.15219709689501681
0.19490842049553142
0.20709246123992522
0.20708510368679287
0.20695121808230987
0.20850777564552928
0.19644462930977635
0.19642706786835026
0.19642998647944857
0.19398235965140165
0.19396288877660442
0.15560406310404903
0.1556053872782005
0.15445810018323872
0.15445675071273343
0.1544546756719038
0.15445393196645013
0.15444814708613488
0.15444280467396768
0.15443862871128275
0.15443794212394812
0.15673186738166067
0.15673040087402412
0.15672817414827123
0.15672590637543424
0.15671926122831942
0.15671324503994288
0.15671212697294623
0.15671212697294623
0.15671212697294623
0.15671212697294623
0.15671212697294623
0.15671212697294623
0.15556518053909008
0.16762176111992105
0.16762176111992105
0.16762176111992105
0.17106260042148957
0.15900601984065857
0.15900601984065857
0.15900601984065857
0.23832205667491077
0.23832205667491077
0.23832205667491077
0.23832205667491077
0.24614014172629956
0.24614533328252905
0.24615083602083954
0.24614035388333094
0.1636235673488192
0.23486858547992637
0.23487404251080107
0.23488021755225486
0.2247292322270848
0.22472947659212344
0.2247282238989565
0.2247301528737695
0.21654487375845013
0.21654686073267063
0.16135907985602949
0.16135005968242672
0.15907146595119157
0.15907720629037025
0.1590801435264609
0.15908377189732062
0.15564388567165638
0.1556479654087972
0.15565036215652797
0.15565226271438412
0.1545076485995245
0.15451015434861995
0.15451155838196112
0.15451309156751572
0.15337022167683656
0.153373451638178
0.15337737619855057
0.15338117727558442
0.15223457629799858
0.15223440343478958
0.15223432446910326
0.15223423084939702
0.15109298765163195
0.15109910733636564
0.1511052537445689
0.15111147376293219
0.14995986211158208
0.14995522049057317
0.1499512229832051
0.14994707616292954
0.14994621221966298
0.1499467305385048
0.14994707608280922
0.14994774110217762
0.15224131497935042
0.15224503399001674
0.15243219915187922
0.15246322023289158
0.15454674639180413
0.16660094720746574
0.16659800854602516
0.16664929390893468
0.2085984806957023
0.19656578657399598
0.19645845177436203
0.1964767666407157
0.19401623628464046
0.1940226292023807
0.19406972513783524
0.19407496148734443
0.19309510070255198
0.193107707975883
0.1931011422592718
0.19323212953214475
0.19662542410466646
0.19661222337561104
0.19661660128120903
0.19661367946795405
0.2019566610364011
0.20196788958550033
0.20194392973784842
0.2019524349804534
0.15675512094842523
0.15674599227841737
0.15674277698093603
0.1567343422017975
0.15673910259680873
0.1567420451277214
0.15674349004813548
0.15674446749926457
0.15559209140226019
0.16764373229088142
0.1676383776223381
0.16763550904705143
0.17107305479663934
0.1590205551747177
0.15902325489892657
0.15902882713023253
0.23834741249930258
0.23835376224462337
0.23835980961558484
0.23836507178512065
0.24618807703972767
0.24619636544840187
0.24620440232009297
0.24621342880238337
0.2349243883002366
0.2349341837662259
0.23494416354895178
0.23495458793839855
0.2248049823698744
0.22480691427705485
0.22480626570966097
0.22480768634757584
0.1614359048004895
0.16143917581448794
0.16144176723233264
0.16144372403573928
0.15914235197192592
0.15913387931060663
0.15912437598470594
0.15911736322313266
0.15567839386017263
0.15567686398390293
0.1556806037102904
0.1556804335682579
0.15453484725247235
0.15453261640136812
0.15453059750680861
0.15452916057498953
0.15338722467420104
0.15339232036053121
0.15339742006805182
0.1534028597661666
0.1522604938702117
0.15226464045496985
0.15226895987058317
0.15227293375520426
0.15112290560081051
0.15111984597926406
0.1511167865209081
0.1511138931459677
0.14997154002585722
0.1499762997621995
0.1501545137932098
0.1499864992263503
0.14998853969412893
0.14999159969489442
0.14999465937040607
0.15010400584126324
0.15228923156187502
0.1522902513936163
0.15229025127470014
0.1522899112309967
0.15458346410725654
0.1668712767584208
0.1666325652962133
0.16662882579867386
0.16775971761064343
0.15583597585932907
0.1557219114746078
0.15570975741560616
0.15569981294305485
0.15569037077678574
0.15568154965653466
0.15571593365976527
0.15452192773823747
0.15451776093608202
0.15454663062753754
0.15451172838472144
0.19675605838823956
0.1966218081162142
0.1966549444549152
0.1966549980809531
0.2019481424647334
0.20194405311608601
0.2019398729708377
0.20193591337489566
0.20282325258003173
0.20282156033777357
0.20281996351261108
0.20281856110606572
0.20018926856275523
0.2001913084466248
0.2001934906110014
0.20019487822867876
0.20586260346848606
0.21791491306272076
0.21791057832653432
0.21790513865925887
0.2295000735899576
0.21744692468088686
0.2174572090715992
0.2174673932671156
0.23836579986703602
0.23837029846343613
0.2383768287982456
0.2383792582867057
0.2462085609535371
0.24621873197285282
0.24623305531223721
0.24624839069028484
0.23495755345151303
0.23496167974926657
0.2349642059526403
0.23496937521404485
0.22481909993281132
0.2248193394067146
0.2248210552698295
0.22482174288359086
0.2166286734054493
0.21662689095379523
0.21662435392459953
0.21660465651607486
0.19561187301861088
0.19560721493096056
0.19559062067684724
0.19559718634512804
0.1769515374912558
0.17696717679812707
0.17696704132218746
0.17694592813302198
0.15452804772174
0.15452881513292993
0.15452940758796987
0.1545305428789941
0.153383820965325
0.15338450094721093
0.15338518122419686
0.15338620166182562
0.15224252536672014
0.1522457146038519
0.15224945423618383
0.1522532372490814
0.15110905508447794
0.1511120269931615
0.15111508733817977
0.15134995863393733
0.1499715404079926
0.14997188046333623
0.1499722204638457
0.1499723032384144
0.1499722201355074
0.1499733397116898
0.14997425977407922
0.1499756196705288
0.15226611281594707
0.15226645294866656
0.15225150932359652
0.17580920214070708
0.19554757586968563
0.2076127214291922
0.20761151180737766
0.20760568621467618
0.2091807931527745
0.19708713110423567
0.19707914728401996
0.19712667065806758
0.1946313210059336
0.1945962300907378
0.1945903096449986
0.19458528120476673
0.19365657821308035
0.193654392167888
0.19365504999603245
0.19365763451037224
0.19719243181497276
0.19719155860917637
0.19718817915738313
0.19718659526586751
0.20256134112906116
0.20255512095590816
0.20254771478240582
0.2025405690140526
0.203428340511054
0.2034257233795892
0.2034257233795892
0.2034257233795892
0.2007836632254152
0.2007836632254152
0.2007836632254152
0.2007836632254152
0.20648236387008254
0.2185389444509135
0.2185389444509135
0.2185389444509135
0.2301638823482987
0.21810730176746773
0.21810730176746773
0.21810730176746773
0.23906410631090555
0.239069486373996
0.23907540105745664
0.23908442173309147
0.24693822395706946
0.2469549040563913
0.24697216988649473
0.24698908226489188
0.23566314854905632
0.23567002167129386
0.23567856613297677
0.23568670843509174
0.22548742916761386
0.225476289016458
0.2254678226579726
0.22545898317335433
0.21724849098993554
0.21725162313800186
0.2172577347741114
0.2172619281522408
0.196180683298472
0.19617949348147412
0.1591098836555631
0.15910869370515088
0.1556729968174922
0.15567576120928003
0.15567852562809456
0.15568094450502762
0.15452622283103074
0.15451954775642
0.15451464656803526
0.15451206824066677
0.15336787284952033
0.15337029175047795
0.15337311128715428
0.1533760011585828
0.15223143478690515
0.15223330500745985
0.1522348350659801
0.15223687494698868
0.1510895884803539
0.15109026839302248
0.15109179819501495
0.15109385033226636
0.1499486315490687
0.14995114109284866
0.14995522091519436
0.14996100064984888
0.14996032092736417
0.14996038114449617
0.14996107200684763
0.14996176294343969
0.15225013341201446
0.15224809354673283
0.152423681857621
0.15224200580665953
0.19567641057040522
0.2076555360802572
0.20774825973209332
0.20763103619957754
0.20917158989070883
0.19715982803635335
0.19709020539004424
0.19710882375373553
0.19468733824962448
0.19460191028697518
0.19459473692353987
0.194588239962761
0.15446557666862903
0.19365330142276027
0.19365140101310344
0.19364978629390547
0.19718447583529045
0.19718360155160583
0.19718099418636756
0.19717713598893546
0.20253730812127638
0.20253342236806038
0.20253342236806038
0.20253342236806038
0.2034257233795892
0.2034257233795892
0.2034257233795892
0.2034257233795892
0.2007836632254152
0.2007836632254152
0.2007836632254152
0.2007836632254152
0.20648236387008254
0.2185389444509135
0.2185389444509135
0.2185389444509135
0.2301638823482987
0.21810730176746773
0.21810730176746773
0.21810730176746773
0.23906328469452567
0.23906328469452567
0.23906328469452567
0.23906328469452567
0.24689921600388068
0.24689921600388068
0.24689921600388068
0.24689921600388068
0.23556376640923524
0.23556376640923524
0.23556376640923524
0.23556567613467594
0.22538236944281026
0.2253874562925958
0.22539073229382356
0.22539389493508674
0.2171835110779547
0.21718900533503294
0.21719418963302042
0.21719943895977664
0.19612197430413186
0.1961295897674211
0.15906655812524756
0.15907281369407464
0.1556387010307904
0.1556435458218015
0.1556481356323533
0.15565255548525503
0.15450756292572443
0.15450781896049218
0.154508599598995
0.15450900883871493
0.1533630823855591
0.15336355370611893
0.15336407192501594
0.15336461202721652
0.1522226544059754
0.15222680109313255
0.15223163892336697
0.15223653426375117
0.15108832099365982
0.1510872842188765
0.15108693859537234
0.15120017035307776
0.14993964652062042
0.15010655364192493
0.14993890162301082
0.14993843736509535
0.15003049255495374
0.1499390717860385
0.14994016531375964
0.14994102908508172
0.15239078922560026
0.15223215725865227
0.15223313457203558
0.15223449476617484
0.15453348733409442
0.16659006775580099
0.16659006798763293
0.1665904084437582
0.16773259528274223
0.15577100825115078
0.15567754422144212
0.15567771416188078
0.1558257066944523
0.15567299689023478
0.1556688742646614
0.15582108430959427
0.1545092635606478
0.15450216449493173
0.15453864587162083
0.15451912478834215
0.15448520297933588
0.15448141510665778
0.15446246640274225
0.15445460951825285
0.20257498482068267
0.2025735761434645
0.20256816057393287
0.20256256248237728
0.20345287183275826
0.20345101441287003
0.20344952305880165
0.20344788273576037
0.20080638411878546
0.2008069943084988
0.20080776637127826
0.2008084142991358
0.20650607824412312
0.21856019667255114
0.21855428600616925
0.218555661137111
0.2301764615743155
0.21812058440729803
0.21811943972314723
0.21812470958071628
0.23907735132651473
0.23909376699690307
0.23906328469452567
0.23910529339459066
0.24692642923945038
0.2469737089591385
0.24698103773085214
0.24699395812764477
0.23566882011581358
0.2561298018166595
0.8264204438464738
0.8264243184262371
0.2510607817874921
0.25105966698411325
0.23059995729124047
0.2254891431743174
0.21726896581570715
0.21726723786598115
0.21726620108132008
0.2172622680993465
0.19619020270558296
0.19619377250510608
0.15913062218682847
0.15913980165420047
0.15570202411025003
0.15570321226396125
0.15570375227195035
0.15570357924497896
0.15456068544982968
0.1545630653889702
0.15456544511076256
0.15456751789452566
0.15341475878029254
0.1534093194857924
0.1534038800436706
0.153398801374755
0.1522511635853684
0.15225013349967464
0.15224877354969016
0.15224860357847791
0.15110114720938417
0.1512846251262838
0.15118871571970754
0.1511021670890737
0.14995386077567982
0.14995250097342713
0.14995114122949962
0.1499498411988579
0.15013946066986794
0.14995488072314758
0.15013138581797014
0.1499647400195322
0.1523851896491023
0.15245823925978472
0.15225999305336255
0.15226135358043427
0.15455269665411014
0.16660301964710808
0.16679245252856195
0.1667187635281082
0.16772750382800025
0.15566691925595202
0.15566406336295147
0.15573851030201602
0.19466252468479306
0.1946137543625184
0.1945866327407459
0.1946670622782365
0.19371006641520144
0.1936612988800113
0.19371069720787318
0.193668096195924
0.19720825552656146
0.1972141016306151
0.19721349249481224
0.19721327064536875
0.20255609117890594
0.2025516679050597
0.20254394768483094
0.20254207879501201
0.20343426535175743
0.20343273013563556
0.20343095055786678
0.2034303885013249
0.2007864574286934
0.2007847575333925
0.2007836632254152
0.2007836632254152
0.22694892903131073
0.24412215090244876
0.8093070904592665
0.24412215090244876
0.25574708879983393
0.2232239430577748
0.21810730176746773
0.21810730176746773
0.23906328469452567
0.23906328469452567
0.23906328469452567
0.23906328469452567
0.2469167091976324
0.2469366272715268
0.24695690623280186
0.2469777289469415
0.2356483146094464
0.23565226436241368
0.23565565945039538
0.23565714739299548
0.22546612277180536
0.22546677788530803
0.22546412078076822
0.22546148175447758
0.2172468244345644
0.2172446035288329
0.2172477135223617
0.21724823179484704
0.19617406806041354
0.19617864337728733
0.19618289319434162
0.19618564455327944
0.17749722240026322
0.17749756247332907
0.1556800935672023
0.15568009348703588
0.15452656854569383
0.15451948440615146
0.15451378255298637
0.15451002834692
0.15336649063141927
0.15337029178586956
0.15337396123895697
0.153377548679503
0.15223302113446682
0.1522351743565559
0.15223721438625698
0.15223941429979
0.15109385001008813
0.15109557774564492
0.15109672748114444
0.15109842765642176
0.14995522101614292
0.14995930089338338
0.14996314563524718
0.15014587095298487
0.1499674603353256
0.15015745059435778
0.15017528651558212
0.1499718798931716
0.15245883575742786
0.1523885345549226
0.15226883231398
0.15227121213486072
0.15456734502624833
0.1667551346157921
0.20763373442120617
0.20763017233290776
0.20916411027723192
0.19718586145593991
0.19711474029365636
0.19708441114970174
0.19464418264008218
0.19462043142607008
0.19461216453584296
0.19461178509397842
0.19368231423252236
0.1936768338164339
0.1936722473098621
0.19366783217686712
0.1971774972869759
0.19720063139451124
0.1971919889407703
0.1972004459809053
0.1567711136197231
0.1567714779701791
0.15677087316090718
0.1567718234075521
0.1567783380503607
0.15678471267028998
0.15679491203653495
0.15680256162967518
0.1568034116622782
0.15680290174772335
0.15679834563892792
0.1567983455200925
0.1556525554410186
0.1677076342512269
0.16770573615843498
0.1677050422976888
0.17113758797161552
0.15907724549467553
0.15907323219026143
0.15906960372145507
0.16365508680529434
0.1636550018473023
0.239118446377397
0.23911822954803297
0.2469546326826327
0.2469542077576313
0.24695403781968128
0.24695386787993742
0.23562053509773156
0.2356222430970928
0.2356237894056858
0.23562653534153008
0.22544025706679627
0.2254414744411496
0.2254426139621471
0.22544385799954308
0.21723005533014253
0.21723065034003425
0.21723269020210717
0.21723406380006324
0.19615938171664107
0.1961638739885109
0.19616836626350068
0.19617235366166322
0.1556662580560703
0.15566989392865482
0.1556712686681935
0.15567299645190213
0.15453144694183366
0.15453520754401856
0.15453892663179394
0.15454266653974144
0.15339606004732892
0.15339572004470217
0.15339538007559178
0.15339538008826295
0.1522463938631407
0.15224537408676633
0.1522439068475998
0.15224252441320188
0.15109400791340796
0.1510919681824895
0.15109009821115169
0.15121929519549804
0.14994281164874557
0.1499445115501294
0.15013894319482587
0.15006603947379113
0.14994794020382096
0.14994978106322393
0.14995148123512864
0.1499531812187499
0.15224605418476025
0.17581617208060857
0.1758185518647403
0.15223336706994675
0.1545471297587789
0.16659800838768243
0.16659144257739827
0.1666753492886953
0.16772239498664154
0.1557123984048784
0.1556571449497066
0.15565157174069563
0.15564478996895248
0.15567300967499997
0.15567284547077537
0.15563708603798812
0.1545083219350853
0.15447073263075395
0.15446658725588436
0.15446255271810613
0.1544643514530586
0.15446463160552582
0.15446388660135435
0.15446191031946518
0.15675632427068276
0.15675419950030445
0.1567520801333906
0.15674953436795735
0.15674776333476204
0.1567448692197993
0.15674238511686492
0.15674026025774748
0.1567392828313078
0.15673851950319492
0.1567371804309552
0.1567355855483344
0.15558974405597298
0.21855706961331328
0.2185564386825823
0.16764687711212609
0.1710928911859376
0.15904415048232162
0.15905297685319839
0.15906273976233853
0.16365376114496555
0.16365721674790848
0.2391224087255014
0.2391241835459034
0.2469629727637716
0.24696665944734356
0.2469704221434511
0.24697273660410896
0.23561901359820178
0.235642900718304
0.23564428292379636
0.23564663626076607
0.2254526390686456
0.22544675186186117
0.22544126600178813
0.22543625530216804
0.21722711625276914
0.21723337249365118
0.2172385559167839
0.21724684941736194
0.1961681933701985
0.19616912386264324
0.19616963397941725
0.19616912412662205
0.15565935493637667
0.15566142036983005
0.15566245696988643
0.15566280245937894
0.15451920787725962
0.15451913898895298
0.15452311759728773
0.1545251862250207
0.15338169537036336
0.15338569043331074
0.15338994041391119
0.15339379047672053
0.15224338824094752
0.152240278055023
0.15223755417843304
0.15223534446872786
0.15119237220722564
0.1510963876879422
0.1512602770839889
0.15110490821349357
0.1499508775689505
0.14994517566919652
0.1499409415409551
0.15002831936570496
0.15005984894156435
0.15009164942934505
0.149948285679569
0.14995369061632807
0.15224061428486335
0.1522385745967305
0.15221902613732124
0.15220986855718546
0.19553297244575865
0.2075904100585645
0.2076222245502869
0.20762127405618316
0.20929461524156
0.19711375717318771
0.19709206653110894
0.1970469699865161
0.19457572840100426
0.19456394564134427
0.19966188430040407
0.19575138708992731
0.19361771079985438
0.1936178760556417
0.1936199807096965
0.19362277716147533
0.1971583290972114
0.19715715069848827
0.1971552179760983
0.1971520711634315
0.20253342236806038
0.20253342236806038
0.20253342236806038
0.22299998752928857
0.22900892983112445
0.7941938693879423
0.22900892983112445
0.22900892983112445
0.2059003045157222
0.2007836632254152
0.2007836632254152
0.15671212697294623
0.15556518053909008
0.16762176111992105
0.16762176111992105
0.16762176111992105
0.17106260042148957
0.15900601984065857
0.15900601984065857
0.15900601984065857
0.23906328469452567
0.23906328469452567
0.23906328469452567
0.23906328469452567
0.24689921600388068
0.24689921600388068
0.24689921600388068
0.24689921600388068
0.23556376640923524
0.23557723903702052
0.2355883446958838
0.23559943589002477
0.2254143283436013
0.22541517366472247
0.22541463674865603
0.2254145078935141
0.21720009456499217
0.21720291971788286
0.2172011569813415
0.21720557671754093
0.19612629388559913
0.19612569165428925
0.19612612105843477
0.1961256066218886
0.1556202571739896
0.15562012534878325
0.15561969336274112
0.15561926138157212
0.15447892037210506
0.15448444508699874
0.15449013977168397
0.15449600441572353
0.15335169286676958
0.15335390277453548
0.15335611283122208
0.1533581976491634
0.1522154560617161
0.15221954465428048
0.15222361552292935
0.1522273553556797
0.15107881833229592
0.15107734897337138
0.15107622658137515
0.15107536252151507
0.15001885562201503
0.14992173286632748
0.14991986311180042
0.14991799341938858
0.14991891336302932
0.14992071323777706
0.14992309310824906
0.14992513339947897
0.17587906546384605
0.17578137983928166
0.17576500481152652
0.17591298725443905
0.19550609836782037
0.2075811022499714
0.20758052799073326
0.16656890420960466
0.16771100595420796
0.19707676193945156
0.19707387214747776
0.19707050842055038
0.1946129046885717
0.19460852233542034
0.19460351273431298
0.1945968248479408
0.19366771841062058
0.19366163673998218
0.1936584069382315
0.1936533072200119
0.1971833673568136
0.19717903497069164
0.1971752763823078
0.1971721983664864
0.20254889145972974
0.20254340997866116
0.20253815982130752
0.20253342236806038
0.2034257233795892
0.2034257233795892
0.2034257233795892
0.22389228854081739
0.2263668696769504
0.7915518092337683
0.2263668696769504
0.2059003045157222
0.20648236387008254
0.2185389444509135
0.2185389444509135
0.2185389444509135
0.2301638823482987
0.21810730176746773
0.21810730176746773
0.21810730176746773
0.23906328469452567
0.23906328469452567
0.23906328469452567
0.23906328469452567
0.24689921600388068
0.24689921600388068
0.24689921600388068
0.24689921600388068
0.23556376640923524
0.23556376640923524
0.23556376640923524
0.23556376640923524
0.22538180923705287
0.2253848958888268
0.22538780387398413
0.2253900523830808
0.21717627476010187
0.21717750331926922
0.21717871364612507
0.21717989157854362
0.19610333807184224
0.19610553274486003
0.1961075470418686
0.15904146277033143
0.15560301997266546
0.1556033007980723
0.15560353830650467
0.1556036246760633
0.1544593716459094
0.15446268647536612
0.1544656629667344
0.1544685511368977
0.1533212647597053
0.15332009882704056
0.1533195648817367
0.15331897578321665
0.15217678318197625
0.15218145787361248
0.15218638756218805
0.15219148724608475
0.15104445580785067
0.15104411582826438
0.1510438608550136
0.15104352089678208
0.1499073366507768
0.14992046803670078
0.14993499196094612
0.15016012297086698
0.14995122303593142
0.14995250077952876
0.15009325467957846
0.14995488063192666
0.1522369951889133
0.15238857899428737
0.15222310515193693
0.15232013484430998
0.15450866865236912
0.1665599964799151
0.16655567683856082
0.16655156499347834
0.16769623031233097
0.1556413775042994
0.1970677520858923
0.1970675820889629
0.1946080942997155
0.19460290959477933
0.19459658546989858
0.19459004092178347
0.1936608012828655
0.19365667399282624
0.19365350549947477
0.1936510970123969
0.19718585107295278
0.19718630732299447
0.19718659173966677
0.19723053421281841
0.2025363947752119
0.2025557224794324
0.15673188879570563
0.15672624143164093
0.1567255500453825
0.1567247123833433
0.20343097836334226
0.20343150304332835
0.20078883729926084
0.20079292870589452
0.2007929719001251
0.20079031536329559
0.20649046306294938
0.218548587888513
0.21855165120253028
0.21855637116744744
0.23018126861153979
0.2181259514993765
0.21812710559662457
0.2181283596620352
0.23908776325473974
0.23909209802837422
0.23909274419401216
0.23909743240946787
0.24693771140924028
0.2469392535284163
0.2673940632554616
0.27250410669053393
0.8263545210857466
0.2611942869052047
0.26120852037857184
0.2612244519756389
0.2510464160280397
0.2510555734002833
0.25106378142127384
0.2510738053228569
0.24283385706414762
0.24281364154407303
0.22233573205448304
0.1613576219793482
0.1590775516575088
0.15909016471717977
0.1591034688947204
0.15911685294903954
0.15568163579767505
0.155686893093686
0.15569114286120017
0.17751065151196618
0.15454708633280662
0.1545485122072855
0.15454878635319302
0.1545492033629567
0.15340536680521014
0.1534081311703405
0.1534106792158849
0.15341339935260093
0.1522606735831139
0.15225461980531296
0.15224911397715601
0.1522437340278056
0.1510929877510978
0.1510887380405759
0.15108572939861162
0.15108279198754668
0.14994077164979874
0.1500604924458053
0.1499518210447843
0.1501801748692763
0.14995607064079766
0.14995539063030786
0.15005985981538186
0.14995386078093675
0.15241980960513532
0.15224809358250446
0.15225013344410976
0.15225219998672126
0.15454011653935262
0.16658785779819427
0.16666150355928833
0.1665710543966963
0.16771500033362197
0.15570546735808877
0.1556627785641484
0.15572127123149412
0.19461071927440318
0.19460016334302951
0.1945878008743582
0.194576624827987
0.1936476974587521
0.1936433933729825
0.2140972028613989
0.21920897315048782
0.7947499390259243
0.22274071845981008
0.22273983215506088
0.20228262503420896
0.20255047444857607
0.20254708297029625
0.2025433249537621
0.20253887580910762
0.2034311012281316
0.20343318167073274
0.20343423348167258
0.20343559356833232
0.200793468619955
0.20079431093266056
0.20079477629137849
0.20079492503570034
0.2064866834291604
0.21854698962920976
0.21854783194245825
0.21854793993066607
0.23017071804850245
0.21811288479560037
0.21811261394157763
0.21811025533703973
0.23907468099188983
0.23908104861326968
0.23908503368021494
0.23909260792219544
0.24694590653517715
0.2469617722311762
0.2469786067941567
0.24699679026929477
0.23564963951143372
0.23563694707843114
0.2356244329396673
0.2356116271807996
0.22542964652842035
0.2254337068815749
0.2254376069162826
0.22544161163286566
0.2172374497778368
0.21724802564331983
0.2172642181735987
0.21727870102609095
0.15913113235813997
0.15913059594979628
0.15912960226971032
0.15912852248160161
0.15568927286023118
0.15568859296983276
0.15568837431090393
0.15568791299496015
0.15453926684075708
0.15453607181077714
0.15453331707167897
0.1545309372218178
0.15338178106636446
0.15337927680351518
0.1533773760593562
0.15337566123213545
0.15223025670610862
0.15223177473690216
0.15223364494615182
0.15223561345635045
0.15109060814011557
0.15109247794739492
0.15109454128524655
0.15109672765642237
0.14995114138595303
0.1499508015510113
0.1499505325638929
0.15007757646004438
0.15009037573918627
0.15013958739358207
0.14995295086228796
0.1499538606488685
0.15224166030446645
0.15224045075260215
0.15223925430253024
0.1522378946536119
0.1545274853515912
0.16657515513310708
0.1666013729356206
0.16655796303210332
0.16772084991023867
0.15562787280177479
0.15562110720180694
0.19705573165851198
0.19459151349393633
0.1945854167153413
0.19457987108240837
0.1945754231866619
0.19364360078215898
0.19363693317469477
0.19363353355666363
0.1936304422269318
0.19716250428366
0.19715900386796034
0.19715507911710298
0.19902039475273076
0.20253342236806038
0.20253342236806038
0.20253342236806038
0.20253342236806038
0.23404078384771348
0.23879843614342383
0.2606173241362481
0.2461373940540405
0.2007836632254152
0.2007836632254152
0.2007836632254152
0.2007836632254152
0.20648236387008254
0.2185389444509135
0.2185389444509135
0.2185389444509135
0.2301638823482987
0.21810730176746773
0.21810730176746773
0.21810730176746773
0.23906328469452567
0.23906328469452567
0.23906328469452567
0.23906328469452567
0.24689921600388068
0.24689921600388068
0.24689921600388068
0.24689921600388068
0.23556376640923524
0.23556376640923524
0.23556376640923524
0.23556376640923524
0.22537526324844595
0.22537526324844595
0.22537526324844595
0.22537526324844595
0.2171595944831841
0.2171595944831841
0.2171595944831841
0.2171595944831841
0.278836020147633
0.19607851952254662
0.19607851952254662
0.19607851952254662
0.15556518053909008
0.15556518053909008
0.15556518053909008
0.15556518053909008
0.1544182341052339
0.1544182341052339
0.1544182341052339
0.1544182341052339
0.1532712876713777
0.1532712876713777
0.15486109909322673
0.1532712876713777
0.15212434123752153
0.15212434123752153
0.15212434123752153
0.15212434123752153
0.2532327865335753
0.15437093576514765
0.21609189338200574
0.20180500286893624
0.1874311207229146
0.17573503379431965
0.16381264184249844
0.15115837837861737
0.15045303561696682
0.14983156392915561
0.14983299691557617
0.14983431438395334
0.18240352326477308
0.18409654588572483
0.18510839688676126
0.1871899973809478
0.1615706112724698
0.17894945317206198
0.18417213273359276
0.1896611039557806
0.2545695657827227
0.25231481848700194
0.2637061122011472
0.27536901115327306
0.2943844123817875
0.307596807410884
0.3187639746512918
0.3311831929932806
0.34094768879250575
0.30296874438951077
0.3069836472168869
0.31122595151106747
0.3077008480030815
0.3078887864209414
0.310309961197735
0.3141527317287659
0.16694355813508518
0.19392105747150495
0.21748225801655288
0.22736970849188626
0.2397401555171112
0.24847767097700882
0.2573050454709535
0.2606710315184013
0.15671212697294623
0.16133337785005344
0.16440504374428644
0.16509151069215075
0.17600860347977287
0.19146624795304407
0.19355267127032985
0.2534411518250139
0.28028076981271904
0.27745044600867697
0.2843239286722688
0.28954514666752734
0.3063970233346347
0.2992776234200604
0.29180844661194405
0.2860702683461959
0.28403189296715725
0.27577094940694125
0.2674230767834961
0.25944737122138506
0.2373155237390455
0.23556376640923524
0.23556376640923524
0.23556376640923524
0.22537526324844595
0.22537526324844595
0.22537526324844595
0.22537526324844595
0.2171595944831841
0.2171595944831841
0.2171595944831841
0.2171595944831841
0.20692208038118673
0.19607851952254662
0.19607851952254662
0.19607851952254662
0.17738485929375575
0.17738485929375575
0.17738485929375575
0.17738485929375575
0.1544182341052339
0.15442195263689185
0.1544314951846561
0.15443366069866576
0.15329249675290288
0.15329526126852488
0.15329665866549008
0.15329929351443383
0.1521553125325312
0.15215787174018394
0.15216046408361325
0.15216243979525634
0.1510186173245157
0.15102133719589747
0.15102431204259925
0.15102715620804735
0.15465987634135736
0.15465877140197012
0.15464338733378735
0.15465919638732917
0.15862099063777002
0.15862950865438982
0.15864306357900923
0.15864540265670515
0.17572586468602683
0.17574293574627053
0.17574630592702595
0.17572930696520697
0.1954908722192485
0.207543565172337
0.2075244737092043
0.2075347580653299
0.2090844195310279
0.19700741292982787
0.1970152497517822
0.197008879089881
0.19454217161859422
0.19454497402439277
0.19454264656844922
0.23465192412301566
0.20364705259899743
0.2359648652678996
0.24574877723457378
0.22633711398650633
0.2949157944152966
0.17721092282400386
0.17688591754946206
0.1827343293626166
0.15671212697294623
0.15671212697294623
0.20253342236806038
0.20253342236806038
0.15671212697294623
0.15671212697294623
0.15671212697294623
0.15671212697294623
0.15671212697294623
0.15671212697294623
0.15671212697294623
0.15671212697294623
0.15556518053909008
0.16762176111992105
0.16762176111992105
0.16762176111992105
0.17106260042148957
0.15900601984065857
0.15900601984065857
0.15900601984065857
0.23906328469452567
0.23906328469452567
0.23906328469452567
0.23906328469452567
0.24689921600388068
0.24689921600388068
0.24689921600388068
0.24689921600388068
0.23556376640923524
0.23556376640923524
0.23556376640923524
0.23556376640923524
0.2458418284096741
0.2509584696999812
0.8161434092567991
0.2509584696999812
0.2222863996550298
0.21717215775141252
0.2171772308988954
0.21718001448307017
0.19610615376682972
0.19611009634392174
0.19611416570619838
0.19611812712103416
0.17742990660644783
0.1774322017347565
0.17743364641283327
0.1774331365265096
0.17075081943491704
0.17075324609211023
0.17075554097100926
0.170717731467463
0.16232114645017767
0.16230689181806626
0.16232597636829815
0.1622613695310895
0.15787097389548072
0.1578585081316834
0.15787573365213736
0.15787768716364411
0.15316493297287045
0.15317606709534312
0.15327284993249596
0.15317236262106845
0.14991323349062766
0.14990286407572326
0.14991753077778017
0.15002898602082582
0.14992275275008604
0.1500494033143371
0.14992241274798238
0.14992207284391706
0.1522107324780661
0.15221090518087532
0.1522103867721808
0.15220763603943802
0.15450900851838037
0.16656552541972014
0.16656626910243258
0.16656621656908124
0.16770746111540666
0.15564830537597452
0.15567057764176337
0.1970908962303207
0.1946363772784798
0.1946356861190666
0.19463466286694397
0.19463364298153285
0.1937717312222951
0.1936999125858088
0.15450212401396202
0.15449787425769565
0.15449766670981618
0.15449680982038863
0.15449578155691301
0.1544947107774613
0.20257026835009137
0.2025658191226001
0.2025614995431401
0.20255660473033543
0.20344635589418814
0.20344244612794354
0.2034423823844841
0.20344022632295444
0.20079573641057746
0.20079368200251246
0.2007924782950527
0.20079141370101156
0.2064853785341876
0.2185389444509135
0.2185389444509135
0.2185389444509135
0.2301638823482987
0.21810730176746773
0.21810730176746773
0.21810730176746773
0.23906328469452567
0.23906328469452567
0.23906328469452567
0.23906328469452567
0.2469060649896521
0.2469090700132584
0.2469146638321822
0.24692114470422394
0.23559113480526997
0.2355938155228352
0.23560000262416525
0.23560461418568898
0.2254158908678623
0.22541429406374186
0.22541251577672394
0.2254107165615917
0.21719931086126523
0.21720309255109993
0.21720689570553148
0.21721021977516988
0.1961283672627159
0.1961315637093116
0.15906347630716425
0.15906416106384502
0.15562603678916528
0.15562677743135356
0.15562729574606482
0.15562781406538462
0.15448337294815523
0.15448440961911356
0.15448537987280958
0.15448580486550667
0.15334057327869605
0.1533416632913115
0.1533426833088514
0.15334368348213578
0.15219675679056502
0.1521965642281704
0.15219630501613124
0.15219624677026106
0.15105117279912653
0.15105290058323578
0.15105428280887964
0.15105643991433776
0.14991085355281222
0.1499122135332728
0.1499134034524952
0.1500394485500176
0.15003248186870177
0.14991323328738376
0.14991306330972412
0.14991289333758281
0.15233408682194527
0.15230021640840685
0.1521996466117634
0.152198637660845
0.15449823228977494
0.16655504977598665
0.16655498572805277
0.16655453988035424
0.2091195732367093
0.19706048693399797
0.19703478543557187
0.1971436131389968
0.19459794542445563
0.19459446783215562
0.19459052807160915
0.19458662939136773
0.19365390346433106
0.19364585603782283
0.19363902646087502
0.19363280508167965
0.19716352923663916
0.19716066530045806
0.1544254937476697
0.15442674950838994
0.2025350574028323
0.20253342236806038
0.20253342236806038
0.20253342236806038
0.2034257233795892
0.2034257233795892
0.2034257233795892
0.2034257233795892
0.2007836632254152
0.15671212697294623
0.15671212697294623
0.15671212697294623
0.15556518053909008
0.16762176111992105
0.16762176111992105
0.16762176111992105
0.17106260042148957
0.21810730176746773
0.21810730176746773
0.21810730176746773
0.23906328469452567
0.23906328469452567
0.23906328469452567
0.23906328469452567
0.24689921600388068
0.24689921600388068
0.24689921600388068
0.24689921600388068
0.23556709967326706
0.23556976484077335
0.23557095556196897
0.23557147969702108
0.2253890785654062
0.2253899265523571
0.2253964284040326
0.22539898017836157
0.2171878128146652
0.21718988527996272
0.21719177525970645
0.21719329103553028
0.19611817311834598
0.1961207216402444
0.19612339681856758
0.19612569169129446
0.1774370461390872
0.17743824905633698
0.1774392857217761
0.17744014960746218
0.17075531148098586
0.17075721206201805
0.15446438621568426
0.15448371852636994
0.15333800850391524
0.15333843361293012
0.15333877379136696
0.15333919142215646
0.15219371355369343
0.15219505709916523
0.15219624704627027
0.15219743693834548
0.1510535503147705
0.15105601514916023
0.15105915993796906
0.1510622310469975
0.14991683956941235
0.15002303193191138
0.14992020290047856
0.15003241720263497
0.14992003300471488
0.1499196042097052
0.15005784202596653
0.14991822177451827
0.15220559625277402
0.15220416668301168
0.15220228143492417
0.15220019263299936
0.1955060983070989
0.20755558186591833
0.2076243499596865
0.20756542090739447
0.20915490907569365
0.19704836315585086
0.19705449300783062
0.19705165988072462
0.19458045364034085
0.19459301568369894
0.1945687213288652
0.1945701120151652
0.15446606177223554
0.1544607098036525
0.15445641162432533
0.1936459308902548
0.1971767574877387
0.19717503323898186
0.19717184510013386
0.1971689620083008
0.20253342236806038
0.20253342236806038
0.20253342236806038
0.20253342236806038
0.2034257233795892
0.2034257233795892
0.2034257233795892
0.2034257233795892
0.2007836632254152
0.2007836632254152
0.2007836632254152
0.2007836632254152
0.20648236387008254
0.2185389444509135
0.2185389444509135
0.2185389444509135
0.2301638823482987
0.21810730176746773
0.21810730176746773
0.21810730176746773
0.23906328469452567
0.23906328469452567
0.23906328469452567
0.23906328469452567
0.24689921600388068
0.24689921600388068
0.24689921600388068
0.24689921600388068
0.23556376640923524
0.23556376640923524
0.23556376640923524
0.23556376640923524
0.22538110196617356
0.2253888482693372
0.225394773975077
0.2254005009841469
0.21719263625054652
0.21719894676172033
0.21720680914406507
0.21721255236217657
0.19613869594858113
0.1961419307607987
0.1961438313141495
0.19614872531219946
0.1774582949016272
0.17745803986425293
0.17745742788365504
0.17745659490078872
0.17077017081923954
0.17077086190114354
0.17077138020867352
0.1544954676826674
0.15335050277409157
0.1533522028103502
0.15335356277022089
0.15335482803151915
0.15220675843427478
0.15220520333360482
0.15220364824783306
0.15220270645212758
0.1510591599402135
0.15106223104955774
0.15120545361992285
0.15106901922778043
0.14992428267692529
0.14992634255871998
0.1499284158713488
0.15010309032931254
0.14992893410859665
0.14992807016313558
0.14992807013493317
0.1500225006539678
0.15221971680115892
0.15233109370773684
0.15222633475109798
0.15222991105662884
0.15463086882841492
0.1665713997675137
0.16656604350838947
0.16656034169364464
0.20912297264483287
0.1970595075941859
0.19703819776998732
0.1970453135245161
0.19458043645809547
0.1945905705505007
0.19459007188521807
0.19457348474313632
0.1936579251935655
0.19365131850682032
0.19364569928400935
0.15444782310271205
0.15444624905688967
0.15444448334349864
0.15444235164640463
0.1544398750940132
0.1567312340631432
0.15673198510124683
0.15673099582178365
0.15673027336876796
0.15672759603170824
0.15672815254069475
0.15672755353245918
0.15672564719467874
0.15672871407953973
0.15673355198175498
0.15673864905475968
0.15674383251583235
0.15559459671025808
0.21855989564812983
0.21855679334221917
0.21855501319579687
0.23017519958146282
0.2181187335573468
0.2181192453371068
0.21812019563804924
0.23908242031942262
0.2390896339709111
0.23909690009567933
0.23910355757014753
0.24695251281389968
0.24696323185350705
0.24697437626961197
0.24698661728904792
0.23564544926249598
0.2356390431667589
0.2356318472265231
0.2356239604674281
0.2254419707002314
0.2254464495417163
0.225449041235543
0.22545332465908388
0.21723319995002244
0.21722674033593173
0.2172247333834708
0.1613694384563814
0.1590818713346121
0.1590864249894102
0.15908931484856093
0.15909509458053597
0.15565357550940503
0.15565139930860042
0.15564915563441284
0.1556471157077693
0.15450067924028618
0.15449965931147083
0.15449866444584234
0.1544977894145063
0.15335526273379158
0.15335951254677402
0.1533638993291545
0.1533677004038679
0.15222248167439376
0.1522232753292984
0.15222429547135113
0.15222514552288738
0.15107639946426416
0.1512241834898645
0.15107259795303143
0.15122420718308088
0.14992582413390698
0.14992737911515855
0.1499293822909922
0.14993135332472454
0.14993048931138547
0.1499310822294416
0.1499317623336321
0.1500355819944694
0.15222040824759553
0.15221885539706742
0.15221698550927104
0.1523173875841604
0.15451412817626736
0.16667024828204702
0.1665730686451091
0.16669254946724105
0.16771610533310255
0.155659524695899
0.1556595246514101
0.15565952461482216
0.15566003483402466
0.15566003831416442
0.15565884496038096
0.15565816496438037
0.19370196664828943
0.19369686949707296
0.1936915995884386
0.19368620011045012
0.197216722284929
0.19721258512052994
0.19719326376206717
0.19718488179393487
0.20255777026228586
0.20256640814401736
0.2025646437706985
0.20255897745729046
0.20345113681839144
0.2034511793235888
0.20344926630857518
0.2034494167906071
0.2008084142904823
0.20080950163492536
0.20081090406062044
0.2008125614665553
0.20651287701375906
0.21857017487233252
0.21857142753422554
0.21857166745415987
0.23020224004092713
0.2181500598147756
0.21815777009353354
0.21816328328886245
0.2391177111414698
0.23911916878508463
0.2391232910911699
0.23912550098483412
0.24696392305963705
0.24696539166175213
0.24697007923256656
0.246972693991111
0.23563849471714696
0.23563780355101424
0.2356395817088393
0.23564077179147638
0.22544708398088073
0.2254425274799582
0.225437644401774
0.22543059499833412
0.2172226607686047
0.21722589055758307
0.21723218018073753
0.21723682828759885
0.19615765386292214
0.19615909464031753
0.19616028463980767
0.19616062464082637
0.17747529398040798
0.17748006258483146
0.17748455480144643
0.1556714416676538
0.15452587740016818
0.15452535898291508
0.15452484058446672
0.15452414941871825
0.15337772130285923
0.15337772128250735
0.15337789404830246
0.1533773756908757
0.15223653410989085
0.1522421785947605
0.1522480934740678
0.15225461893508926
0.15110998655877178
0.1511120265454763
0.1512500190179253
0.15128919008019012
0.14996711970518128
0.149964740294479
0.15008294249745266
0.14996066076765482
0.1499627007845048
0.1499659304981671
0.14996950037217768
0.14997290033441824
0.1758140360729415
0.1758007315848514
0.17576534483640732
0.17578251392920838
0.19552955717974518
0.2075655689063116
0.207585457712228
0.20758681787776595
0.2091420123229308
0.15580996102040062
0.15565578544073477
0.15567295462588115
0.15582678520151266
0.1557825577466445
0.15567092352288858
0.1557640105817459
0.15451886802625775
0.15451896631358983
0.1545158561241795
0.15456261748641464
0.15450985845699275
0.1545047980375308
0.15461375613687442
0.15463365282463756
0.1567926169766639
0.15678590500858913
0.15677931532039524
0.15677260075159316
0.15677320546315457
0.1567731375241892
0.1567728797661486
0.15677219424854888
0.1567739181802454
0.15677614281299504
0.15677893296393997
0.156781822950734
0.15562945579470225
0.16767930274042916
0.16767250313146886
0.16766621353374048
0.1711092627200349
0.15905786681610687
0.15906381652336576
0.15906977679714562
0.1636621846202665
0.16366732631970693
0.16367242171040575
0.163677610537882
0.16597475709779153
0.24698259602603945
0.2469856936276286
0.2469895655681677
0.2356487754303483
0.23564332167104876
0.2356384770755716
0.23563382987371123
0.2254507540497212
0.22545470008146765
0.22545838825115144
0.2254619791528056
0.16140267163386862
0.1614125669466366
0.16142162541638472
0.16143088186873653
0.15913560656178527
0.15913560643756627
0.15913422409406774
0.15913007726902723
0.15568716454791842
0.15568267219560886
0.15567754342723764
0.15567193411214358
0.15453161748430905
0.15453790720669122
0.1545433468914501
0.1545492033541872
0.1534093196021434
0.15341645931505554
0.1534229908512707
0.1534305930073529
0.152275352845285
0.1522671324119371
0.15225948296791664
0.15225202730660506
0.15110456241861994
0.15110404399414765
0.15110318679382276
0.15110284681181066
0.14996003479034828
0.1501809232938895
0.15012549026143954
0.149973684469167
0.14997663897064384
0.14998111412831078
0.1502206191177484
0.14999009874052877
0.15227915370784306
0.1522784625744298
0.15227777143983942
0.15227648163711324
0.15476385769575776
0.1666251350395226
0.16662219766817882
0.1666189655831637
0.16775860451336663
0.15569794226419192
0.1556933528969745
0.15568825339734968
0.15568621356475087
0.1558867927292022
0.19475561847811454
0.19465064248479447
0.1937411729970517
0.19369626501886883
0.19366954431952227
0.19366997344941886
0.19724504793139927
0.19720707547825653
0.15454759840225432
0.15449578156393726
0.15679355219831734
0.15679558654372108
0.15679765433235446
0.15680007320182449
0.156791682163192
0.15678539258597313
0.15678131286906424
0.15677417333526586
0.15677251452217209
0.15676822363357149
0.1567663807106414
0.15676499841450953
0.15561634744105143
0.16767224808867656
0.16767230001717656
0.167673183020267
0.17111072034029462
0.15905077047876875
0.15904696924942105
0.21813801381453415
0.23909948751452986
0.23910734415453966
0.2391159400516764
0.23912507583992135
0.24695905233174814
0.24695770284539664
0.2469565024904911
0.24695531257490919
0.23562379052411508
0.23561200813894032
0.2356104286159298
0.23561286508466672
0.22542524060923833
0.22542620462943685
0.22544147427537226
0.2254482738640321
0.21724836698382075
0.21726320328127696
0.21728075617064457
0.21729431146281644
0.19622471098681615
0.19622987700709182
0.19623436912247907
0.19623728998981602
0.17752377657665566
0.17754243682711637
0.17752826850528744
0.17752913230612483
0.1545692455313507
0.15456596260842767
0.15456233414720666
0.15455864533546645
0.15340591988376664
0.15340001109919318
0.15339448175308215
0.15338981643277053
0.15224096926292044
0.15223891410842222
0.15223734073410686
0.1522358543249401
0.15108797546313926
0.15108992787883171
0.15109077789726555
0.15109179782510954
0.14994553128745494
0.1499460411754015
0.14994706135755836
0.14994776785444858
0.14994707653607003
0.14994808140336563
0.14994876171542965
0.14994949596490978
0.1522360248040079
0.15223398502464294
0.15223112116539
0.1522276951932244
0.15452124803806794
0.1665716593376748
0.16656609922176913
0.16656034205442594
0.16769067503885376
0.1556245070364057
0.15563284894659468
0.15562377829394383
0.15561498566323959
0.15560990503584599
0.1556085835345189
0.15560422468593135
0.15445945663386687
0.15446509462198826
0.15447352369705922
0.1544825092007514
0.19721177804433188
0.19720962787557142
0.1972068205603705
0.19720269831897325
0.2025586871347143
0.20255506341024618
0.15673458872555987
0.15673061471759378
0.15673198617462733
0.15673288698008705
0.1567339773163401
0.15673535183760653
0.15673725490718032
0.15673964260065043
0.20080999120129348
0.20081256147772594
0.20651219707224738
0.21857024382212556
0.21857251278903977
0.21857591989822775
0.23020117796731504
0.2181474618533663
0.21815056422423906
0.21815353083018327
0.23911097274321563
0.23911302645189714
0.23911416919195547
0.23911530158046473
0.2469511857061048
0.24694978796424122
0.2469511000246886
0.24695075583659107
0.2356095786462844
0.23560966365758393
0.2356053289190349
0.23560447897240058
0.2254240743208892
0.22542891219937813
0.22543590985270345
0.22544205707766307
0.16137640802889433
0.16137831840286024
0.1613833776791317
0.16138595833827582
0.19616011454623655
0.1961576538536158
0.19615385258701912
0.1961533341987261
0.17746560430610958
0.17746662432760668
0.17746849421224786
0.1774698681908732
0.17077138023946734
0.17079245961358944
0.1707779792858016
0.17078715880779144
0.16236114536063465
0.1623581042471701
0.153345929694871
0.1533677002019392
0.1522242093381057
0.1522269737927113
0.15222973825704067
0.15223250272900057
0.15117957975858
0.15127131324700432
0.15108533810194588
0.15108521104026
0.14993791893003133
0.1499379188475112
0.1499372276578928
0.14993722761246375
0.14993705479426297
0.14993791867798203
0.15002335769751202
0.15005216723303674
0.17579747256202216
0.17580021283493055
0.17580308237362494
0.17580614239459003
0.1955480859617386
0.2075847777724868
0.20757576829239427
0.20758784081197446
0.20929872978370118
0.19708747095992268
0.1970866210570974
0.1970858857496832
0.19463058344512552
0.19462842962249338
0.19462583779788706
0.19462293384064544
0.19369940266564892
0.19369923269358583
0.1936987227559369
0.19369838282135254
0.19723121415749134
0.1972268249242714
0.19722679452684003
0.1972250972800229
0.20260583821783287
0.20260530003534474
0.20260498815941538
0.2026039682530147
0.203495700415374
0.20349524931857804
0.20349492291066953
0.2034931086176065
0.20084698450565364
0.20084196991671038
0.20083731239865463
0.2008326903964562
0.20653701572658253
0.21859682674642536
0.21860031088271148
0.2186046019095333
0.23022357874442909
0.21816560833145884
0.2181480994068666
0.21814064886345166
0.239091885519301
0.2390932879404912
0.23909286298299254
0.23909371294629403
0.2469254794900157
0.24694353480693063
0.24694902310571185
0.24695072302249158
0.23561836578065956
0.23561974799497748
0.23562164856041926
0.23562374874743597
0.2254216553482603
0.22543254976672783
0.22543721579250348
0.22543811689259535
0.21722330793671363
0.2172232647113127
0.21722189559382396
0.217223178301494
0.19614694121465093
0.19611829703664327
0.1961504250897529
0.1590855750371549
0.15564864554907165
0.15565000564431133
0.15565122655806676
0.15565209032388624
0.15450756272715582
0.15450790819335944
0.15450877202663793
0.15450946309205596
0.15336320773607465
0.1533627419755417
0.15336393198437223
0.15336410200350467
0.1522190259479888
0.15222075369555035
0.15222179032905303
0.15222369088513363
0.15107691719623922
0.15107700859949486
0.151077262983891
0.15107743568496151
0.1499315258828088
0.14993261199412522
0.14993380199658388
0.14993482192831098
0.15010748515038352
0.14993431188010026
0.14993482184955062
0.14993516180564595
0.1522240364682932
0.15222310515320975
0.15222179053916055
0.1522202155938407
0.15451931212890074
0.16670027636224935
0.20770662595135317
0.20758528753751443
0.20919790468556548
0.19707068082909526
0.19706605223599974
0.19706146255686005
0.19460573746847148
0.19460372503465434
0.19460205267389552
0.19460046699280784
0.19367356427518279
0.19367038423478233
0.1936664848910559
0.19366243003789305
0.19719429090312218
0.19719223495238014
0.19718967664209663
0.19719041094364415
0.20256865853816552
0.2025635297546831
0.2025606356330024
0.20255776311321122
0.20344952417195347
0.2034480885692772
0.20344742918178918
0.203446610865437
0.2008009846651218
0.200797283650162
0.20079416009083517
0.20079071779865756
0.20649311957861047
0.1676423298740741
0.16764700459639875
0.1676368052167642
0.17108157553702616
0.21812287379903061
0.21812142674201013
0.21811945604024813
0.2390728309341626
0.23907412680229642
0.2390760339317234
0.2390781439963221
0.24692115938623244
0.2469226533398375
0.24692516068574397
0.24692642180099134
0.23559760684754644
0.2356037767113221
0.23561025861708185
0.2356162082447746
0.22542694011565007
0.22542536773579583
0.22542377195268942
0.22542213791578905
0.21720870788569677
0.21721067637395713
0.21721255228868686
0.21721426311821365
0.15907094281982082
0.15907397318731914
0.1590777555396162
0.1590806618840616
0.15564293260264167
0.1556440557870667
0.15564517889192533
0.15564558575175622
0.15450324316255756
0.1545063531544574
0.15450968856511207
0.1545122384237568
0.1533630821287473
0.1533602706395841
0.15335798254889926
0.1533564696372592
0.1522124603890026
0.15221596576713528
0.15221954442727123
0.15222299997036376
0.15107649884064517
0.15107674481248926
0.15107674469223278
0.1510770088137969
0.1499314224596053
0.1499326124410644
0.14993363235669194
0.14993499218597392
0.14993329223367952
0.15005937436115585
0.14993278217489128
0.14993244226370656
0.15222265449662745
0.1522066162491069
0.15220100661739308
0.17576636476808705
0.195510180679331
0.20756403884821104
0.20756192335480608
0.20757576810765918
0.2091303715219606
0.19707132193373011
0.19706894218096396
0.19706656239187115
0.19466072173925728
0.19460830047032113
0.2150599635655965
0.22016850721647582
0.7844081797924636
0.21922842177224006
0.21922375047862458
0.21921980786066997
0.22275325779010724
0.2227500416732632
0.22275184423724093
0.22275271419064976
0.22812950227807635
0.22812885317655468
0.20766933623707912
0.20255294678087032
0.20344129868009656
0.20343590150979932
0.20343195974448716
0.20342744786416314
0.2007872566707362
0.20078852586782975
0.20079346862699107
0.20079722664269686
0.20650011725745446
0.21855930070653415
0.21856233724221616
0.21856583370229998
0.2301845785776565
0.2181253359207397
0.15902620610193463
0.15902374125861377
0.1636104220646965
0.16361203696678706
0.16359887339269277
0.23907365406378622
0.24691802768750182
0.2469251819179666
0.24693180707381907
0.2469382286388632
0.23559971925765422
0.23559784939187636
0.2355948068484771
0.23558951989067395
0.2254072672044171
0.22540848885845777
0.225409409996513
0.22540977660058228
0.21719710403972436
0.2171994146431434
0.21720107205542397
0.21720415214977778
0.1590584617524417
0.15906001441032003
0.15906109656403938
0.15906211653710292
0.15562484706717147
0.15562620702629965
0.15562807351146082
0.1556295420988282
0.1544852737363626
0.15448337307837698
0.15448707997406572
0.15448812468784734
0.1533432515793796
0.15334506573786008
0.15334696629377706
0.15334880286775388
0.15220312991764004
0.15220389636341844
0.15220474644761864
0.15220542648071866
0.1510814286790372
0.15108142859383286
0.15108125854648768
0.15108108852388738
0.15003111114761736
0.15004546436557253
0.15003057812855844
0.1499396465911715
0.1499152842993041
0.15005711153596987
0.14991614816960597
0.14991680303515564
0.15220797622206025
0.15220935018686055
0.15221073237416188
0.1522118859661059
0.15461160957261644
0.1665659292711966
0.16665712510698652
0.16656224259671365
0.20912169794981456
0.1970595221113753
0.19705503044698522
0.19708251196531754
0.19459284571230695
0.19458866078890344
0.19458514752584966
0.19458176801253285
0.19365357626485755
0.19367479692617173
0.19367154200866846
0.1936684645238397
0.19719939552452534
0.19719544792412347
0.19719152140684557
0.19718750012028877
0.20254651157639736
0.20254761449281294
0.2025469641919014
0.20255103123912013
0.20343583068353402
0.20343117142652153
0.20342593761219108
0.2034257233795892
0.2007836632254152
0.2007836632254152
0.2007836632254152
0.2007836632254152
0.20648236387008254
0.2185389444509135
0.2185389444509135
0.2185389444509135
0.2301638823482987
0.21810730176746773
0.21810730176746773
0.21810730176746773
0.23906328469452567
0.23906328469452567
0.23906328469452567
0.23906328469452567
0.24689921600388068
0.24689921600388068
0.24689921600388068
0.24689921600388068
0.23556376640923524
0.23556376640923524
0.2355660507096795
0.2355681237677007
0.22538584617514404
0.22538710964548442
0.1624682625648676
0.1624705316604191
0.16132786550162484
0.16133669420274874
0.16134356946002432
0.16134868053369067
0.1590587616355394
0.15905999155895328
0.15906053272568843
0.15906109653500133
0.15562168044261132
0.1556266047022769
0.15562928278918778
0.15563164657451348
0.15449132983965944
0.15449685021658777
0.15450255195628054
0.154508599263213
0.15336096163484225
0.15335992489082653
0.1533584923631479
0.15335781271958138
0.15221090559580636
0.15221073266500737
0.15221038698481248
0.15221035623793738
0.15106918962994126
0.15107501719521776
0.15108142867777735
0.1511828162815782
0.15472727753782026
0.15473209730843543
0.14993958214959965
0.15012241524825162
0.15006940589352533
0.14996542058140053
0.15006636687419056
0.149969160483397
0.15225030405950848
0.15224304296125582
0.1523296053227183
0.1522304151711819
0.15452846975615583
0.16658581832158897
0.1665849684711469
0.1665825887828202
0.16790434072724364
0.15566836467179412
0.15566487625329697
0.15566090210221775
0.15571774681605802
0.15563857352304528
0.15562897440046503
0.15561995254795394
0.15446362887267845
0.1544549376803539
0.1544476876925761
0.1544412786523751
0.15444061608005244
0.15443891618883215
0.15443761294198408
0.15443648676544594
0.15673189943938187
0.15673392818212598
0.15673635056012422
0.15673899471144226
0.15673627337039334
0.15673324966354318
0.20343803414702372
0.20343438411112633
0.15671212697294623
0.15671212697294623
0.15671212697294623
0.15671212697294623
0.15556518053909008
0.16762176111992105
0.16762176111992105
0.16762176111992105
0.17106260042148957
0.15900601984065857
0.15900601984065857
0.15900601984065857
0.16359380557608325
0.23906328469452567
0.23906328469452567
0.23906328469452567
0.24689921600388068
0.2469013939994953
0.24691020487222537
0.24691893482580546
0.2355904325284741
0.23559545619214048
0.23559994593322234
0.23560415853592384
0.22541773898213616
0.22541984246165314
0.22542110628234435
0.22542204413733027
0.2172099374370531
0.21721713105703513
0.21722227816893505
0.21722395589932342
0.19614193060171828
0.19614073565979456
0.19613903580229988
0.15906908597828534
0.1556313064967711
0.1556334295749859
0.15563249651287558
0.15563550312011884
0.15499211001153107
0.15499090048236616
0.15499055487434849
0.15499072762094815
0.15333996349194537
0.1533404006867262
0.15334195567356074
0.15334290592977862
0.1522005381826497
0.1522045121331737
0.15220865886847146
0.15221297838599643
0.15106758696240133
0.15106935899421017
0.1511900264921713
0.15107380715889968
0.15005571379538363
0.1499265151010335
0.15006949873656308
0.14992789731770015
0.14992755174163228
0.14992876120393067
0.14992989211454522
0.1499297224042546
0.1522152249037171
0.15234916535283208
0.15220900456246617
0.1522051866133148
0.1544971943385179
0.16654608750975933
0.1665395793104404
0.16655792513323012
0.16766768978545749
0.15560483133976394
0.15559779145188612
0.15559081735217356
0.19455592059172752
0.1945504728079771
0.22882298123656017
0.1945420829578025
0.15441972696336465
0.1894260115532078
0.16126314283426665
0.19473385556937986
0.18256338939481412
0.16825002305259693
0.1714443776581392
0.17596818614865828
0.15671212697294623
0.15671212697294623
0.15671212697294623
0.15671212697294623
0.15671212697294623
0.15671212697294623
0.15671212697294623
0.15671212697294623
0.15671212697294623
0.15671212697294623
0.15671212697294623
0.15671212697294623
0.15556518053909008
0.16762176111992105
0.16762176111992105
0.16762176111992105
0.17106260042148957
0.15900601984065857
0.15900601984065857
0.15900601984065857
0.16359380557608325
0.16359380557608325
0.16359380557608325
0.16359380557608325
0.16588769844379553
0.16588769844379553
0.16588769844379553
0.24689921600388068
0.23556376640923524
0.23556376640923524
0.23556376640923524
0.23556376640923524
0.22537526324844595
0.22537526324844595
0.22537526324844595
0.22537526324844595
0.2171595944831841
0.2171595944831841
0.2171595944831841
0.21716217710774094
0.19608615892854564
0.19608617595131195
0.15902079275039221
0.15901930249834378
0.1555843043970549
0.15558770420907775
0.15559012657635599
0.1555884691768663
0.15444657047904709
0.15444832233624742
0.15444756397967477
0.15445296342393905
0.1533096203917124
0.15331353302059061
0.15331709993247555
0.15332092474059214
0.15217610320056732
0.1521779902628169
0.15217989083014094
0.15218171276459458
0.15103485130521485
0.15103476629259152
0.15103442630545597
0.15103459629095212
0.14988892484275707
0.14989011487281645
0.1498911815277137
0.149892324711543
0.1498928346625224
0.14989472347768246
0.14998946178118105
0.14989699931359887
0.17574579597083756
0.17573950636096589
0.17573491665201452
0.17573041191993152
0.19546900634097375
0.16650630527585078
0.16651479662985935
0.16650796923243266
0.16764506452320757
0.15558369849371925
0.15557919707718987
0.15557563881146347
0.15556795491214281
0.15556520429667237
0.15970269887095356
0.1678088541336705
0.17719690869920185
0.1848136338062073
0.24173182817984057
0.24258508582802224
0.24600261664490986
0.2514200859880167
0.25750748616617314
0.2651178319284743
0.20253342236806038
0.2175319261292706
0.259733661010626
0.3006634513549601
0.32242874107383984
0.3381789070743435
0.35300622701176654
0.3667753426610687
0.23608649462149647
0.3057951624924818
0.30527907734854703
0.31550692501000643
0.3461221551281025
0.3670471362975464
0.37444002516375796
0.4136145250180037
0.4028703528048105
0.41634128071163384
0.4221637082474355
0.4172932175608535
0.41429379609885497
0.42109849013125483
0.3519803980117314
0.2872931106660437
0.24689921600388068
0.24689921600388068
0.24689921600388068
0.24689921600388068
0.23556376640923524
0.23556376640923524
0.16359380557608325
0.16359380557608325
0.16244685914222703
0.16244685914222703
0.16244685914222703
0.16244685914222703
0.16129991270837088
0.16129991270837088
0.16129991270837088
0.16129991270837088
0.15900601984065857
0.15900601984065857
0.15900601984065857
0.15900601984065857
0.15556518053909008
0.15556518053909008
0.15556518053909008
0.15556518053909008
0.1544182341052339
0.1544246512152552
0.15442609612760982
0.15442903300611174
0.15328467830676765
0.15328619015056716
0.1532873996247189
0.15328843631610814
0.1521421476444658
0.15214267886266047
0.15214330409517313
0.15214425439448517
0.1510010659708611
0.151005358077283
0.15100970508776843
0.15101445658984633
0.14986811488369162
0.149868719611884
0.14986929097276183
0.1498699291427665
0.1498692379986721
0.14986997095936555
0.14987065095577565
0.14986954606073302
0.15213896298285298
0.15213068020577228
0.1757091207333614
0.17570999193478723
0.20057485843891165
0.18035634706563913
0.2139932845426186
0.21603496255928126
0.17321191831458344
0.1635524579546449
0.16750153287241132
0.1720639973965571
0.23459466068665263
0.24362173741881757
0.251201880267506
0.26013561025408544
0.27348112146180353
0.28263727150456947
0.2879991624317831
0.2933085367125589
0.2930297386960109
0.303417632651405
0.290483099096091
0.29240530320547015
0.21195402543527433
0.20253342236806038
0.20253342236806038
0.20253342236806038
0.2034257233795892
0.2034257233795892
0.2034257233795892
0.21097142386127737
0.2007836632254152
0.2007836632254152
0.2007836632254152
0.2007836632254152
0.20648236387008254
0.2185389444509135
0.2185389444509135
0.2185389444509135
0.2301638823482987
0.21810730176746773
0.21810730176746773
0.21810730176746773
0.23906328469452567
0.23906328469452567
0.23906328469452567
0.23906328469452567
0.24689921600388068
0.24689921600388068
0.24689921600388068
0.24689921600388068
0.23556376640923524
0.23556568233895306
0.23558342951014322
0.2356011738904878
0.22542589915352854
0.22543924504947563
0.22544835889400694
0.2254558955478215
0.21723218013311923
0.21722098973931026
0.21721008145673493
0.21719993921573433
0.19612728737912874
0.19613691996855784
0.19614498546676773
0.19615316150364734
0.177459328442838
0.17745535441445037
0.17745138039812644
0.1774474927811062
0.17076208526898376
0.1707632594537238
0.17076446890079167
0.17076567835175502
0.16232648608910266
0.1623253812116732
0.16232444625335443
0.16232385130763138
0.157870633684748
0.15787509508053413
0.157879983117859
0.15788491304294613
0.15107277103195957
0.1510827922612194
0.15109350461955662
0.15110471728578967
0.14995624104806507
0.15016099056291596
0.14995284099571665
0.14995122331348434
0.14995250098113216
0.14995539083141873
0.14995761616599693
0.14996015054590844
0.15224373400983754
0.15223768646413433
0.15223163898173167
0.15222565499392235
0.1545270869646139
0.16658751776159675
0.16671985185614413
0.1665936887923096
0.1677404138896069
0.19723682731729272
0.19716363772924675
0.197147307752785
0.19470181005952306
0.19469011354756977
0.19465685248109985
0.19473984001176026
0.1937283009488427
0.1938095851343021
0.1937373107345489
0.19373493110178105
0.19725161338003688
0.19726871196978224
0.1972689525526604
0.19731242460302148
0.20259551140311294
0.20259177986018037
0.20255092435408864
0.20258154240872675
0.20347910031190802
0.2034646859635446
0.20348386483043188
0.2034901713402303
0.20082752065113735
0.20083791703428772
0.20082210737655598
0.20082625413695848
0.20651997412470538
0.2185609742374342
0.2185697551124795
0.2185389444509135
0.2301638823482987
0.21811387830724557
0.21812838125207035
0.21812851083276513
0.2390806061466665
0.16363052336288142
0.1636336932586765
0.2391027648144512
0.16594152019745392
0.16594343863556676
0.16594463832426362
0.16594489998090747
0.16366240025910597
0.16367339334787295
0.16368469354901738
0.16369545965222135
0.16254919319938635
0.16254741869932465
0.16254596334374535
0.2254679078965389
0.21726439332719766
0.21727647168620734
0.21728883590044543
0.21730170600537557
0.19623661047440255
0.19624273028087205
0.19626414889452418
0.1962792930938695
0.1775915670326685
0.15577873990317756
0.15576678882946562
0.15578219595529536
0.1546349036575702
0.15463317565585846
0.15463106231551246
0.15462903011035037
0.1534749363588493
0.1534682603763398
0.15346100300164936
0.15345419680179787
0.15230351103839493
0.15229909192218108
0.15229436029798626
0.15229025174578056
0.1511524850985016
0.15116132487295966
0.1511705663570964
0.15118036317154143
0.15003171720503225
0.15003239742897825
0.15003307747539074
0.15003375741473315
0.15030248174220903
0.1503059683758914
0.15027674344689773
0.15024535036300313
0.17584582734908263
0.17582467104330682
0.17578438371282676
0.17578967347023478
0.19552400325346755
0.2075861374441718
0.20760269988786656
0.20760704607399263
0.20917884431410397
0.19709294025888732
0.19710185094609955
0.15567135542448887
0.15572380294918672
0.15566349363243462
0.1557923000047848
0.15571391044728558
0.15449715253086468
0.15448697027819236
0.15448370858684565
0.15446603733687972
0.15446506632463636
0.19719347779164514
0.19719441966982196
0.19719494645310995
0.2025752823512282
0.20258676319704022
0.2025875762581242
0.20258479226703077
0.20347660784555188
0.20347513916375431
0.20347332271642768
0.2034715107548775
0.20082981544450756
0.20083041040838714
0.20083022809634246
0.20082945055330276
0.2065229913895325
0.2185748972676525
0.2185709025290598
0.21856423044659903
0.23018906541814715
0.21813297023546196
0.21813333146216332
0.21813386453518377
0.23908715029447472
0.23908848935151494
0.2390903768268657
0.23909235537394657
0.2469461331931147
0.24695726992884917
0.24697044180560962
0.24698797605378106
0.23565966085313508
0.23566468380004085
0.23566836689836515
0.23567627514640901
0.22548836973932745
0.2254906012066606
0.22549162749937418
0.2254923233645136
0.2172748402550389
0.21727127763355758
0.2172674106758465
0.21726585553880354
0.19618391659738055
0.19618323291650575
0.19618119309217752
0.19617925150634852
0.17749263274786717
0.17749552284897777
0.17749807273600318
0.1775004528177965
0.1499430664276976
0.14993779676250538
0.14993320702398216
0.14992929721127482
0.14320149349231662
0.1432025299832282
0.14320356651830163
0.14320470011154093
0.1527101745510853
0.15271411860277498
0.15271843801183468
0.15272293022757064
0.15156380522285695
0.15156447018824679
0.15156449672010597
0.1515651503888601
0.15040796370355877
0.15051849255302352
0.15041298654475013
0.15051525219048587
0.15041298626774766
0.15041077642865175
0.15051091861698868
0.15040924669929867
0.15272105370341654
0.15271809242427983
0.15271498223214813
0.15271153401083523
0.1550287806823932
0.16707703179363023
0.1670690424553157
0.16706070683060495
0.18456367034761512
0.17249980445539936
0.1724762022227806
0.17247971479306495
0.17043247962563857
0.1704266953074056
0.1704215368819497
0.17041573718637765
0.16943634040614092
0.16943138372248798
0.16983723519415647
0.17452059224800598
0.1793915897863204
0.18263132938349913
0.18613691416860645
0.19077985181129173
0.17726201870755381
0.17726201870755381
0.17726201870755381
0.17726201870755381
0.19847171874948125
0.2035883600397883
0.8342641155958845
0.25342590041170254
0.20138797358711766
0.18092140842588944
0.1758047671355824
0.1758047671355824
0.18034638282430013
0.1924029634051311
0.1924029634051311
0.1924029634051311
0.20269785444628638
0.1906412738654554
0.1906412738654554
0.1906412738654554
0.20891176943207151
0.20891176943207151
0.20891176943207151
0.20891176943207151
0.21584663076270896
0.21584663076270896
0.21584663076270896
0.21584663076270896
0.20599726628812862
0.20599726628812862
0.20599726628812862
0.20599726628812862
0.19731193188939514
0.19732228803295024
0.19733123068141223
0.19733895067883167
0.190289906311047
0.1902941916634608
0.19029429255974656
0.1902941916662858
0.17233155267244626
0.17233185014125224
0.17233363505856894
0.17233508001840145
0.15612989632662488
0.1561313076441434
0.15613241258058935
0.1561323275725784
0.15497234432958557
0.15497072944774248
0.154969648333527
0.15496911457478457
0.1538127011681707
0.15381559102527387
0.1538185579231454
0.1538214087853163
0.15266280217095407
0.1526631476889156
0.1526640115604711
0.15266487543632903
0.1515080830536937
0.15151076114680048
0.15151369841356713
0.1515165330207267
0.15035722986897093
0.150357399953703
0.1503575110797987
0.15035756994080982
0.1503568900650208
0.15045088349072133
0.15035909988238214
0.15035858992342968
0.15415121832469444
0.1541463422537326
0.15414136969971737
0.154136335891511
0.15497173555709895
0.16700521878086155
0.16701312823200387
0.16700590676710114
0.16815704607383133
0.15609559900937792
0.15609033155213342
0.15719294229554132
0.16740577657150926
0.1730456451836899
0.1858785463662458
0.1953971933553876
0.201697758914832
0.2174868413311707
0.2163247645985735
0.2208548665282477
0.22167421145762878
0.22540009380935436
0.22829940290513795
0.23203083724045467
0.15724539358056938
0.17129129685646635
0.2218726020481893
0.2712864867555562
0.2915025979349094
0.30391414617327783
0.31569831992879094
0.32691989423940293
0.1911638620714154
0.2495711211539505
0.22729421603080183
0.23594300357675851
0.2594577530132984
0.2834023670038462
0.2924627350143136
0.29895229752291125
0.2928538931791369
0.26892289516371903
0.2562550840111607
0.24308968964270125
0.24609929725133098
0.23813288720532355
0.22777239808270064
0.21592438596116748
0.19545214602321176
0.1720467049368576
0.16652253964334693
0.16652253964334693
0.20599726628812862
0.20599726628812862
0.20599726628812862
0.20599726628812862
0.19730754507139567
0.19730754507139567
0.19730754507139567
0.19730754507139567
0.1902608591468088
0.1902608591468088
0.1902608591468088
0.1902608591468088
0.17229504736339118
0.17229504736339118
0.17229504736339118
0.17229504736339118
0.15611311365549624
0.15611311365549624
0.15611311365549624
0.15611311365549624
0.150337895582706
0.150337895582706
0.150337895582706
0.150337895582706
0.14310974550580968
0.14311346858831434
0.1537763664174467
0.15377886096604512
0.1526232349025796
0.15262700685074207
0.15263070414801042
0.15263367899965993
0.15147709558365463
0.1514791853502007
0.15148117532685418
0.15148307292724594
0.15032493185230625
0.15032597821688667
0.15032739670953643
0.15032875664041684
0.15032848356123338
0.15032952155025917
0.15033055690286343
0.15033038409666008
0.15412314103123065
0.1541183363294514
0.1686237117613177
0.1541086813128431
0.17095725103335851
0.19249210651568674
0.18300226173143935
0.18703641302550195
0.19941109123325668
0.16979878920323493
0.21756315867584214
0.20678920128318573
0.21732937405575323
0.2299659686463514
0.24056884737770376
0.25898861058810346
0.24306891323382387
0.2539852872014641
0.25619552708901167
0.2638030328268626
0.26073714448662416
0.26390007531337795
0.2677174103655348
0.27178047809247247
0.15724539358056938
0.1803580986181808
0.20617907711360844
0.17661369773303176
0.20109965736330315
0.20464621148025156
0.20793572056799542
0.2101196493049821
0.15724539358056938
0.15724539358056938
0.15724539358056938
0.15724539358056938
0.1560857503227222
0.16814233090355318
0.16814233090355318
0.16814233090355318
0.17162126067709477
0.1595646800962638
0.1595646800962638
0.1595646800962638
0.20891176943207151
0.20891176943207151
0.20891176943207151
0.20891176943207151
0.21584663076270896
0.21584663076270896
0.21584663076270896
0.21584663076270896
0.20599726628812862
0.20599726628812862
0.20599726628812862
0.20599726628812862
0.19730754507139567
0.19730754507139567
0.19730754507139567
0.16304360986980534
0.16188396661195817
0.1902608591468088
0.1902608591468088
0.1902608591468088
0.17229504736339118
0.17229504736339118
0.1722973583302013
0.17230090138730628
0.15612786027423045
0.1561331299674814
0.15611037185329352
0.15611434584402134
0.15495696021677957
0.15495997753270846
0.15496135469538905
0.15495971324838648
0.15380870909584238
0.15381492924087672
0.15381805562724968
0.15382590090166925
0.15266699685836255
0.1526667760367587
0.1526661712647921
0.15266591206337737
0.15150837350446045
0.15151102033310143
0.15151338821099825
0.1515158582524464
0.1503575697588631
0.15035889318167603
0.15036001621530434
0.1504676353891988
0.1503637309506489
0.1504993885791843
0.1503715087193027
0.15047270138880844
0.15278713008528216
0.15269521505329509
0.15269895499215197
0.15270236924224984
0.15501569168168883
0.16706456152489468
0.1671164371970613
0.1670498999998099
0.1682023727513709
0.15614050464553095
0.15613475398777996
0.15612874433012344
0.15612933465264958
0.1561308464816114
0.1561323274314942
0.15613300744222292
0.16946350301485294
0.16945506225515564
0.19010280744207664
0.16944271166015884
0.20568426958451166
0.17238265688103652
0.17238016254436675
0.17237718478429973
0.1772705500636214
0.17727132735942808
0.17727202928693658
0.17727223933385325
0.1780110607278668
0.17800609309244372
0.17800515358825306
0.17800515358825306
0.1758047671355824
0.1758047671355824
0.1758047671355824
0.1758047671355824
0.18034638282430013
0.1924029634051311
0.1924029634051311
0.1924029634051311
0.20269785444628638
0.1906412738654554
0.1906412738654554
0.1906412738654554
0.20891176943207151
0.20891176943207151
0.20891176943207151
0.20891176943207151
0.21584663076270896
0.21584856916506973
0.21586085677079006
0.21587152009002916
0.20602487651345436
0.16424155513727748
0.16424575761098484
0.16425072508388294
0.16310174955035658
0.16311126581209376
0.163123083428122
0.16313220966786735
0.1619796018806882
0.16198336372545427
0.16198988232582556
0.1619949699706601
0.15967266920969933
0.1596692237272633
0.1596674855444169
0.15966497397755397
0.15618319962936877
0.15617856466109709
0.15617404209583635
0.1561697251191429
0.1550162015531154
0.15502045134150522
0.15502528410026956
0.15502980064697544
0.15387491728667524
0.15387882723695426
0.1538829193355956
0.15388715666023642
0.1527305732903894
0.15273347019141073
0.15273618289572596
0.15273917212276283
0.1516781331304114
0.15157469058004
0.151710625207
0.15157279934917098
0.15039819716750957
0.15038765803314233
0.15037949861636907
0.1504878811794677
0.15037660878561365
0.1503800086672528
0.15038374861464454
0.15038688441558873
0.15282261565310817
0.15279314110321776
0.15269266544601653
0.1526897756382366
0.1710308368027026
0.18309227985217
0.1830983995978325
0.18310426472685434
0.1845945574064467
0.17252896886733296
0.17251972494693177
0.17251029674709709
0.17045653536091016
0.17044823196645092
0.17044102413641235
0.1704336517062916
0.16945700969539554
0.16945386376876218
0.1694505839606657
0.1694503440246431
0.17239339987390412
0.17239359250589367
0.17239213853465993
0.17238847391241083
0.1772818556016695
0.17727864902272936
0.17727700758626166
0.1772735780068431
0.17801313397761265
0.17800515358825306
0.15724916522696025
0.1572462547931101
0.15724901648624393
0.1572519809123969
0.15725508299604798
0.1572583553010166
0.15610052322780354
0.16815801245627582
0.19241425905894252
0.19241448020764257
0.2027068175363842
0.1906502620706691
0.19065011333042298
0.1906500101791478
0.2089178222174998
0.20892050265343876
0.20892422627534615
0.20892841780290436
0.21587144927449642
0.21587837796823775
0.2158849422662499
0.21589107913149594
0.20604692235177138
0.20605048335064852
0.20605575317812017
0.20606016246702455
0.19737724816465327
0.19738321271329518
0.1973914633050052
0.1973978599488478
0.19034637533430546
0.190342262037133
0.19033871462537805
0.1903348102619177
0.17236701138036473
0.17236467874119113
0.17236174138343452
0.1723578585152331
0.1561828094339715
0.15618484937798613
0.1561860278947316
0.1561884467862004
0.15500385909425843
0.1550036862666628
0.1550032823906268
0.15500334091306528
0.15384715322459105
0.15385026867601836
0.15385337327359874
0.1538566560806266
0.15270357849481472
0.15271017405365356
0.1527171437887008
0.1527244536862159
0.15157002594438804
0.1516627526147711
0.15158095919729436
0.15172387085981281
0.15041961598683587
0.1504126464553837
0.15058456826252822
0.15040040707968103
0.15040091711264733
0.15040278731903062
0.15040450815811274
0.15040554461155356
0.15272448538430772
0.15272819321045136
0.15273159306132011
0.1527351978585758
0.1552595280215189
0.1671160753893471
0.16711663964725113
0.16711698036457628
0.16826608430358275
0.1562018606822194
0.1561930484865658
0.15618360492557892
0.15617779996270284
0.15617272276578772
0.15616862052575387
0.15616415479976636
0.16949678298239787
0.1694906683329501
0.16948628486032438
0.1694825474608047
0.17242555039962948
0.1724236065570206
0.17242173272701605
0.1724046037177901
0.17728635943856297
0.17728101505803076
0.1772917669225998
0.17729253189184754
0.17803431065688122
0.17803150292928346
0.17802831469562866
0.17802567985503404
0.1758232116707891
0.1758203175601535
0.17581884890651298
0.1758164751754787
0.18035639096810457
0.19240905398731364
0.19240495040348127
0.1924029634051311
0.20269785444628638
0.1906412738654554
0.19064252753957092
0.19064837093608483
0.20891633790561512
0.20891830341140846
0.20892258993294505
0.20892589982473855
0.21586177082345848
0.21586218481664093
0.21586203303468637
0.1665425367696955
0.16422709709944236
0.16423266134839162
0.1642368427426535
0.1642382584333735
0.16308491116513182
0.19734642570129662
0.19735061111309327
0.1973539097670511
0.19031047335092086
0.19031593356467164
0.1903203691444239
0.1903249028449057
0.1723601864529526
0.17235949526211944
0.17235863130007495
0.1723579435081269
0.1561561260416178
0.1561591008823317
0.15616142898971672
0.15616394561979025
0.15500974210723784
0.15501467188445767
0.15501926168270982
0.15502402149831998
0.1538728981997811
0.15388103709909481
0.1538898305601804
0.15389837589728483
0.15274043262924145
0.15274145253231294
0.1527421328102348
0.15274331924593093
0.15157908968742723
0.15157486379567114
0.15157058994963302
0.15156651034046945
0.1504005340308033
0.15039448645049588
0.1505022687339077
0.1503836009499492
0.1503849381576085
0.1505137741670188
0.15051594856314235
0.1504848196005615
0.1526894354692022
0.15268284474627475
0.154163171028863
0.15417644432370786
0.17119576709367004
0.18309363954901678
0.18309501949742232
0.1830951922462428
0.18458880407094833
0.17252599244095373
0.17251963857438718
0.17249683921345074
0.1704590417447231
0.17045934408923794
0.17045610563770938
0.17045194335630492
0.16947162017161277
0.1694671645767456
0.169463019770207
0.16946026475437737
0.17240117812110348
0.17240095148189616
0.17239891161430407
0.1723965317579439
0.17728711537446354
0.17728422126002738
0.17728260871394066
0.17727830345602863
0.17801721596299255
0.1780121178532979
0.17800697035320104
0.17800515358825306
0.1758047671355824
0.1758047671355824
0.1758047671355824
0.17580518148553154
0.18034638282430013
0.1924029634051311
0.1924029634051311
0.1924029634051311
0.20269785444628638
0.1906412738654554
0.1906412738654554
0.1595646800962638
0.16420325312765252
0.16420325312765252
0.20891176943207151
0.20891176943207151
0.21584663076270896
0.21584663076270896
0.21584969057794737
0.21586145969641535
0.20602426634016505
0.20603345997074224
0.20604358302851541
0.20605342061560708
0.197360286909968
0.19736011527319086
0.1973609779878144
0.19735845693656018
0.1903005517362147
0.1902903185621559
0.1902828457127656
0.19027917553207593
0.1723204323454165
0.1723296038383897
0.17234026461431726
0.17235258887600022
0.15617324191829296
0.1561722051924897
0.15617116847255907
0.15617013175724817
0.15040053665459602
0.15040372554639347
0.15040735394736732
0.15041082096656272
0.14319488366976582
0.15387365812375492
0.1538932860548172
0.15391496062045582
0.15274026256120612
0.15272615356832833
0.1527129092161269
0.15270031498622413
0.15153978871371832
0.15153863177363538
0.1515376119388584
0.15164046121910826
0.15037966853092696
0.1503827285842337
0.150385618715177
0.1503885086226782
0.15038884856305096
0.1503907183602359
0.15052451314006596
0.15039224793318415
0.1528711799004313
0.15287547214683594
0.15270643455374033
0.15270617054201596
0.1550225196407451
0.16707431206320078
0.1670530634323294
0.16704168213583503
0.18453891327696623
0.17246764967924388
0.17247021740358298
0.17246299717649036
0.1704164014302008
0.1704145719537182
0.17041288830691992
0.17041010597674033
0.16943246290758368
0.16942887351447247
0.17181714729902237
0.17358882594847755
0.17593971481872395
0.17711180203590554
0.17953891575338088
0.18267996995003552
0.17726201870755381
0.17726201870755381
0.17726201870755381
0.17726758718079974
0.17800515358825306
0.17800515358825306
0.17800515358825306
0.17800515358825306
0.1758047671355824
0.1758047671355824
0.1758047671355824
0.1758047671355824
0.18034638282430013
0.1924029634051311
0.1924029634051311
0.1924029634051311
0.20269785444628638
0.1906426561271384
0.1906412738654554
0.1906412738654554
0.20891176943207151
0.20891730473062256
0.2089295015174933
0.20893544067210298
0.21587782391997523
0.21588377903278316
0.21588810828145177
0.21588981799206472
0.20604568013248106
0.2060494107220932
0.2060365966575353
0.20604907073400644
0.19737065422072764
0.19737775090211238
0.19738625052229708
0.19739333181055516
0.16196522187822704
0.16195587243050497
0.16194660793987709
0.16193787480394436
0.15961521899047104
0.15961168224953953
0.15960856682436836
0.1596057325894489
0.1561313925540471
0.15613283747011697
0.15613853218237808
0.15613853546185458
0.15498211876024692
0.15498262873693788
0.15498211877279272
0.1549811383604163
0.1538217105430308
0.1538214556041923
0.15382123597047603
0.15382103063077246
0.1526579875974643
0.1526556317117441
0.1526544221930689
0.15265399273639083
0.15149426446011072
0.15149365577153992
0.15149332948829747
0.1514930510216131
0.1503341111883688
0.1503353947402398
0.15033751098804649
0.15034031906975848
0.15034057821447996
0.1503420468384609
0.15034363057842307
0.1503447249727694
0.15266090138298039
0.1526628320869609
0.1526639370369684
0.1527615682011025
0.15498917314196634
0.16704739454575002
0.16704949357668986
0.16705170362565602
0.1846143190484978
0.17250151409664996
0.17247725625176552
0.15614048713644993
0.1561342673955725
0.15612903243336135
0.15612452938631674
0.15611986135388017
0.1549604692224794
0.15496087001047942
0.15496210244998382
0.15496428093983555
0.15496293180706167
0.15496095502914087
0.15495751273257066
0.15495562662961093
0.1572713383131983
0.15726711541925573
0.15726211031853396
0.15725632209151505
0.15725934578742037
0.15726154876369924
0.15726526358662257
0.15726897840667883
0.1572626050546101
0.1572565704186507
0.1572505251523132
0.15724539358056938
0.1560909668894004
0.16815701743251898
0.1681656826343473
0.16817669176689282
0.17165383020710975
0.1595970206773578
0.15959647211171768
0.159595651380029
0.164235477072064
0.164239375949748
0.1642444756430387
0.1642497453254231
0.16657757385447983
0.16658457588729675
0.21590969696463905
0.2159159515846448
0.20607104439986562
0.2060749849684017
0.20607888371688213
0.20608244805088619
0.19740222978195548
0.1974123435616738
0.1974220329316242
0.19743129740100818
0.19037005749084432
0.1903558892912134
0.19032634353048686
0.1903293671966254
0.17234878254342187
0.17236508296910047
0.17237171265196854
0.17237494255200336
0.156197683705238
0.15620048873022147
0.156201168882575
0.15620371881119025
0.15043361761235316
0.15043413574889586
0.1504253236664
0.15043903962187502
0.1432065700634892
0.15385423747800286
0.15386675794076757
0.15386641809559917
0.15270626499226156
0.15270375191106667
0.15270409729164988
0.15270340601883067
0.1515483212442166
0.15155292022560654
0.15155750071483937
0.15156277040704777
0.15057773583815245
0.15049119761179122
0.15039904730812403
0.15048640032537675
0.15039717748261405
0.15050469533352895
0.15039604139203422
0.15055261898162584
0.15280270316523176
0.15270288735530188
0.15269878478313692
0.15282960424590197
0.1550119657271712
0.16705918296320527
0.16705230535281512
0.16704521561200555
0.18454617961323316
0.172479873313209
0.15611664598614403
0.1561079804226274
0.15610269730377313
0.15609875369042173
0.1560954771579218
0.15609177395952684
0.15492982956744794
0.15492760351037854
0.15492626184937727
0.158770652623281
0.1568756396617736
0.1577926649858
0.1591935517079694
0.15975737128026832
0.15724539358056938
0.15724539358056938
0.15724539358056938
0.15724539358056938
0.15724539358056938
0.15724539358056938
0.15724539358056938
0.15724539358056938
0.1572461711027203
0.15724796674325095
0.1572492406951725
0.15725020276001145
0.15609025347164154
0.1681482973054365
0.1681498767759668
0.16815165036827123
0.17162708814285602
0.1595700730154768
0.1595690823194095
0.15956775053895217
0.1642064563751124
0.16421024208209226
0.1642161617363318
0.164222317763181
0.21587583103588265
0.21588814663544434
0.2159005282613116
0.21591329581499624
0.20607484563728223
0.20608506609761548
0.20609454301218924
0.20610344116903903
0.19740171932590464
0.19739049998534283
0.19737851575187795
0.19736662589212306
0.16195251690226903
0.16195689227720597
0.16196050926894143
0.16196050920490468
0.1596488250544299
0.15965239480323404
0.15966230229293663
0.1596670139638556
0.156193912165232
0.1561955637608452
0.1561970938404442
0.156197943839756
0.15503762065463444
0.1550325413112671
0.15503236835471795
0.1550304807148888
0.15387440740154149
0.1538773903539981
0.15388018701372533
0.15388326475067762
0.15272037361592952
0.15271705566397925
0.1527139141467843
0.1527105145017739
0.151553265834178
0.15155563092390473
0.15155801098011987
0.15173852424841944
0.13624002689978892
0.15040244712408785
0.15040312696532046
0.15040398923483078
0.15040087907182437
0.15039904710385402
0.15039683749017985
0.1504886622993445
0.15270340592923268
0.15269946489207345
0.15269563066531938
0.15269165660957992
0.15506179033756967
0.16704631463256386
0.1670365092373564
0.16702779576275995
0.1681748101598165
0.1561102675320475
0.15610194505499514
0.1560935952489242
0.15608776947857483
0.1591556431299605
0.16375828432711767
0.1709683640273761
0.18046452770101803
0.1901867165834266
0.19772341316672637
0.20218307569290828
0.2018494672499942
0.20417867491810238
0.20789617717951378
0.2130578121134385
0.15724539358056938
0.15724539358056938
0.15724539358056938
0.15724539358056938
0.15724539358056938
0.15724539358056938
0.15724539358056938
0.15724539358056938
0.15724539358056938
0.15724539358056938
0.15724539358056938
0.15724539358056938
0.1560857503227222
0.16814233090355318
0.16814233090355318
0.16814233090355318
0.20269785444628638
0.1906412738654554
0.1906412738654554
0.1906412738654554
0.20891176943207151
0.20891176943207151
0.20891176943207151
0.20891176943207151
0.21584663076270896
0.21584663076270896
0.21584663076270896
0.21584663076270896
0.20599726628812862
0.20599726628812862
0.20599726628812862
0.20599726628812862
0.19730754507139567
0.19730754507139567
0.19730754507139567
0.16304360986980534
0.1618971939210357
0.16189710517055855
0.16190654531971357
0.16191018750616934
0.1595922388740796
0.15958996604413045
0.15958915860969186
0.15958813868019145
0.1561117587492304
0.1561124812182407
0.1561129203886058
0.1561144785989597
0.1549553505042708
0.1549544953715204
0.15495370910470246
0.15495314754986894
0.1537941954121743
0.15379402261984404
0.15379451211701536
0.15379493709355682
0.1526384397449377
0.15264133383872255
0.15264422793050017
0.15264727808070913
0.15148754985266058
0.15148754987590213
0.15148780487837743
0.15148791079925472
0.15033029771360534
0.15033275132237775
0.1503356539806663
0.15033893681815033
0.15033781370488694
0.15033802095936358
0.15033824567565454
0.15033677700011042
0.1526464281365059
0.15264189538952377
0.15263716371248814
0.15263338585507857
0.15494992944218908
0.1669998464533829
0.16699344335206176
0.16698764952363962
0.17016067896405243
0.1626012601660954
0.1683541537557763
0.1748582705052632
0.20219211137961624
0.2088528116187227
0.21746902393776543
0.2271235044145752
0.23772660411498564
0.2258022894533673
0.2318702271534465
0.23523472542229715
0.2365136326408962
0.24050862193421615
0.2473968525170291
0.2543205472277349
0.15724539358056938
0.16269155038384253
0.17412085009800637
0.1831840177394779
0.19623709882711493
0.2005234977868267
0.20926775945565804
0.2070228408079606
0.15724539358056938
0.15724539358056938
0.15724539358056938
0.15724539358056938
0.18034638282430013
0.1924029634051311
0.1924029634051311
0.1924029634051311
0.20269785444628638
0.1906412738654554
0.1906412738654554
0.1906412738654554
0.20891176943207151
0.20891176943207151
0.20891176943207151
0.20891176943207151
0.21584663076270896
0.21584663076270896
0.21584663076270896
0.21584663076270896
0.20599726628812862
0.20599726628812862
0.20599726628812862
0.20599726628812862
0.19730754507139567
0.19730754507139567
0.19730754507139567
0.19730754507139567
0.1902608591468088
0.1902608591468088
0.1902608591468088
0.1902608591468088
0.17229504736339118
0.17230035693242365
0.17231107293272507
0.17231553111729364
0.15614153636045564
0.15614356654468226
0.15614559672791134
0.156149009168021
0.15037396386747492
0.15036960110924943
0.1503714153147942
0.15495891502118458
0.15380386150796743
0.1538079315714582
0.1538119360320636
0.15381544761740082
0.1526556315540017
0.15265511318689304
0.15265450843174977
0.15265407759693192
0.15149366938670325
0.15149290445575875
0.15149239452358512
0.15149132319151212
0.15033334624076228
0.15033479115321158
0.15033591308265912
0.15033717101003297
0.15033725606700155
0.15033861601857523
0.15034006091774932
0.15033972090791853
0.15265165760673272
0.15264897945747746
0.15264612853186674
0.15264370956649706
0.15496006246552207
0.16700916652020203
0.16700193712058808
0.16699488499187543
0.18450137631989835
0.18258031098662608
0.19201801295576726
0.17582862807016023
0.18614746887909875
0.19400041138393057
0.20148806870602673
0.2105230623822981
0.22224667343646642
0.23449584329413123
0.2457715790768561
0.2804236983553059
0.2868859640571015
0.29196925917245836
0.29791684770235793
0.3062989171966609
0.17726201870755381
0.17933519865799194
0.19525317912808504
0.2106267934217403
0.22414784702067633
0.237406946929331
0.2466327323477771
0.2563878794737634
0.1758047671355824
0.1758047671355824
0.1758047671355824
0.1758047671355824
0.18034638282430013
0.1924029634051311
0.1924029634051311
0.1924029634051311
0.20269785444628638
0.1906412738654554
0.1906412738654554
0.1906412738654554
0.20891176943207151
0.20891176943207151
0.20891176943207151
0.20891176943207151
0.21584663076270896
0.21584663076270896
0.21584663076270896
0.21584663076270896
0.20599726628812862
0.20599726628812862
0.20599726628812862
0.20600031193292956
0.19732316026556398
0.19733675378996404
0.19734700389781865
0.19735854195465866
0.19032088328798952
0.19032817514460193
0.19033480749737974
0.16196922657116442
0.15964796143517376
0.1596489980237437
0.1596489979364712
0.1596449152634862
0.15617075933764152
0.15617584494320594
0.1561778848996929
0.15618043521090158
0.15500532237790848
0.1549895183426897
0.15497548916952397
0.1549650695957426
0.1538076863847838
0.15380965948353803
0.15381159613929457
0.15381355110234798
0.15265632291459938
0.15265866756676075
0.15266104744966252
0.15266334234124693
0.1515051459838477
0.15150635540222113
0.15150769373811065
0.15150894712440915
0.1503514635923994
0.15035374506313526
0.15035595591597978
0.1503577398260803
0.15046239025947192
0.15047243580029912
0.1503550919244211
0.15035319128145944
0.15266366587860758
0.1526600374356686
0.15265722241065724
0.1526549276352567
0.15497915132083373
0.1670359046484781
0.18304944246013566
0.183048282122941
0.1845188481974069
0.1724759923976179
0.17245602818393885
0.1724549045342984
0.17042110318568135
0.17042126726056703
0.18742309066447072
0.1704202675083093
0.16943405071390116
0.217397103840979
0.19203106130016778
0.20520265323436504
0.24301865596049385
0.22254284262649762
0.24350977140769597
0.2656247696856849
0.17726201870755381
0.17726201870755381
0.17726201870755381
0.17726201870755381
0.186997485190162
0.1986071588970299
0.20543323130883095
0.21314018125920559
0.1758047671355824
0.1758047671355824
0.1758047671355824
0.1758047671355824
0.18034638282430013
0.20601384219480898
0.22697575431242417
0.23107457756581812
0.2579526233049069
0.2547115876133457
0.28965214308126935
0.3089677739635395
0.33277520052464926
0.30415435030740706
0.28822175092723934
0.27687305663802597
0.2658630454960255
0.2506908201388886
0.23677407829059455
0.21584663076270896
0.20599726628812862
0.20599726628812862
0.20599726628812862
0.20599726628812862
0.19730754507139567
0.19730754507139567
0.19730754507139567
0.19730754507139567
0.1902608591468088
0.1902608591468088
0.1902608591468088
0.1902608591468088
0.17229504736339118
0.17229504736339118
0.1595646800962638
0.1595646800962638
0.1560857503227222
0.1560857503227222
0.1560857503227222
0.1560857503227222
0.154926107064875
0.154926107064875
0.154926107064875
0.15493185484475577
0.15377432583491712
0.153777938117994
0.1537816902684904
0.1537856726514898
0.15262917421152875
0.15263253151762068
0.1526355913311454
0.1526385261467922
0.15147914205028915
0.1514793148212063
0.15148009233109822
0.1514811290145883
0.15032391179148946
0.15032637667136795
0.15032841658479676
0.15033098884427495
0.15033047047446502
0.15033124797534278
0.15033190134701802
0.15033139144220695
0.15264440080676347
0.15264306171915404
0.15264192347102837
0.15264060605388943
0.15496159246921817
0.16701557048070237
0.16701269975820976
0.16700926738567606
0.18451727160429515
0.1724572495933279
0.17245456827243785
0.1724525672689259
0.17040908610184416
0.17040857315262506
0.17040809857132505
0.17040775783358553
0.15493662520329562
0.15493541400699964
0.15493379910477303
0.1549319504653223
0.15493373535867253
0.15493458530780793
0.1549342926394796
0.1723740187295515
0.1772678621070769
0.1772666084320844
0.17726606659011
0.1772645078568996
0.17800764813697137
0.17800515358825306
0.17800515358825306
0.17800515358825306
0.1758047671355824
0.1758047671355824
0.17580696637931584
0.17580729573500692
0.18034638282430013
0.1924029634051311
0.1924029634051311
0.1924029634051311
0.20269785444628638
0.1906412738654554
0.1906412738654554
0.1906412738654554
0.20891176943207151
0.20891176943207151
0.20891176943207151
0.20891176943207151
0.21584663076270896
0.21584663076270896
0.21584663076270896
0.21584663076270896
0.20599726628812862
0.20599726628812862
0.20599726628812862
0.20600118667991485
0.19731498212991677
0.19732188004468834
0.19732603281611966
0.19732914289794526
0.19027883557187839
0.19027755002378227
0.16190309046993429
0.16188508969897175
0.15957925862806135
0.15958554634528044
0.15958703376030858
0.1595874587436091
0.15611240204695787
0.15611443223222052
0.1561163909863098
0.15611840622472645
0.15496282484544438
0.1549657146851687
0.1549686115809385
0.15497166433763718
0.15381049121437226
0.15380879559525032
0.15380828133358337
0.15380827720007584
0.15265200317801816
0.15265554519380284
0.152659691945122
0.15266419201459638
0.15150652798583192
0.15150820352365935
0.15150990343323742
0.15151162506182053
0.15035247004920646
0.15035366004838982
0.15046784896759247
0.15035543750407795
0.15035215460058787
0.15035077231174593
0.15034982198378094
0.15034774857801292
0.15265951906064512
0.15265727288393496
0.15265476753723115
0.15265280263760284
0.15497319409722163
0.16702579675821314
0.16702216790129515
0.16701793519989913
0.18452238662311643
0.17245926731824948
0.19918571856506442
0.1560918654205715
0.15608671963603876
0.16057032408841854
0.16729892945547895
0.17534017616128564
0.18506835531437377
0.19503755223119656
0.20040118269060384
0.20422872973082085
0.2044682682729078
0.20711850882444874
0.2096716032303167
0.2141524015401753
0.15724539358056938
0.15724539358056938
0.15724539358056938
0.15724539358056938
0.17800515358825306
0.20096289589461244
0.233753594514336
0.21221446443005243
0.1758047671355824
0.15724539358056938
0.15724539358056938
0.15724539358056938
0.1560857503227222
0.16814233090355318
0.16814233090355318
0.16814233090355318
0.17162126067709477
0.1595646800962638
0.1595646800962638
0.1595646800962638
0.16420325312765252
0.16420325312765252
0.16420325312765252
0.16420325312765252
0.21584663076270896
0.21584663076270896
0.21584663076270896
0.21584663076270896
0.20599726628812862
0.20599726628812862
0.20599726628812862
0.20599726628812862
0.19731049155405045
0.19731767522577864
0.1973226206591908
0.1973256781715358
0.19028710125970438
0.19029269425208928
0.1902988827447469
0.19030157161625647
0.17233032019286518
0.15959802708480103
0.15959146134926097
0.15958788366466425
0.1561113337484984
0.15611304992510538
0.15611388359176548
0.1561146913572505
0.1549590220836071
0.15496157061236898
0.1549641191399888
0.1549665380801075
0.15380658131204164
0.15380525341893203
0.1538054338898389
0.15380522143732947
0.15264630134337195
0.152646598152642
0.1526471081529217
0.15264727816210225
0.1514899410116122
0.15149218715851745
0.1514946924785702
0.15149737058020757
0.15033802096689516
0.15033836097824346
0.1503385309883179
0.15033887097784987
0.1503381060385704
0.15033870101893695
0.15033893688274966
0.15033912595466473
0.15265356775184555
0.15265297278496257
0.15265169788530336
0.15265016803429193
0.1549739679474516
0.1670316582187986
0.16703337207481445
0.1670816250757891
0.1681825335460554
0.1561171134853679
0.156109307679257
0.1561021827188079
0.15609954604777598
0.1560970395241448
0.15609460003596884
0.1560921126896529
0.16943065862423645
0.16942980150184248
0.22847203824260384
0.1727232867552263
0.18254376166108388
0.24515506846917348
0.19642598757978555
0.20136749058818018
0.17726201870755381
0.17726201870755381
0.17726201870755381
0.17726201870755381
0.17800515358825306
0.17800515358825306
0.21508560296488163
0.18366358546871447
0.1758047671355824
0.1758047671355824
0.1758047671355824
0.25672457907985474
0.18213497572529588
0.22837507594802436
0.1924029634051311
0.20120570607559096
0.2718002833287719
0.219963587791863
0.2264758718556795
0.2336578392377842
0.26082595801935704
0.26224411912260526
0.26018346843186896
0.2564974349180226
0.25882037738062297
0.25526122323295103
0.25375974558660325
0.25016107692446116
0.2402004759714853
0.23142085977105412
0.2278130392864717
0.22309494455939047
0.20102416611706186
0.19730754507139567
0.19730754507139567
0.19730754507139567
0.1902608591468088
0.1902608591468088
0.1902608591468088
0.1902608591468088
0.20029598803939783
0.17229504736339118
0.20797048122192655
0.17229504736339118
0.15611311365549624
0.15611311365549624
0.15611311365549624
0.15611311365549624
0.150337895582706
0.150337895582706
0.150337895582706
0.150337895582706
0.15376646380702783
0.15376646380702783
0.15376646380702783
0.15376646380702783
0.15260682054918062
0.15260682054918062
0.1391880450669021
0.1391880450669021
0.15624812461848842
0.13509113304814244
0.15867285288977606
0.13509464426962273
0.15029887289315422
0.15934785336968557
0.15030038473898275
0.1503015369457085
0.15030164319033618
0.150302868488029
0.15030410804087074
0.15030513625765235
0.15262167984699793
0.152620334737918
0.15262371004562414
0.1526248547261468
0.15494748889832613
0.16700147773741286
0.16699921914326005
0.16699647784505478
0.16814884894523638
0.1560894991309016
0.1560862071700093
0.16202465104244873
0.18671112615009564
0.1927068322637196
0.1993103163898424
0.20584330868073628
0.21092364041148182
0.2171998234245465
0.22270696872484277
0.22807165038403904
0.23644523403761952
0.24242082763544107
0.24758321502241626
0.252447105627501
0.17726201870755381
0.17726201870755381
0.17726201870755381
0.17726201870755381
0.17800515358825306
0.17800515358825306
0.15724539358056938
0.15724539358056938
0.15724539358056938
0.15724539358056938
0.15724539358056938
0.15724539358056938
0.1560857503227222
0.16814233090355318
0.16814233090355318
0.16814233090355318
0.17162126067709477
0.1906412738654554
0.1906412738654554
0.1906412738654554
0.20891176943207151
0.20891176943207151
0.20891176943207151
0.20891176943207151
0.21584663076270896
0.21584663076270896
0.21584663076270896
0.21584663076270896
0.20599726628812862
0.2059992211696636
0.20600915165643904
0.20601652109693597
0.19732687510860952
0.197325378624611
0.19732391139187205
0.1973213136712952
0.19028118859510731
0.16191513846595984
0.16192229054527615
0.16192681663689384
0.15960856679795168
0.15960593185372016
0.1596059875361741
0.1596051111323529
0.15612911864351958
0.15613101923485806
0.1561334381722313
0.1561313074730986
0.15498211860511812
0.15498986372026477
0.15499686136426163
0.15500351344102728
0.1538351395758509
0.15382693765991562
0.1538200955887527
0.1538149293446951
0.15265787779199233
0.1526601239323151
0.1526624921764431
0.15266487545661714
0.15150721915958348
0.15150879851514135
0.1515107611838438
0.15151248897182243
0.15035301846589402
0.15035314996727606
0.150353536862733
0.150354170031662
0.15035319148176307
0.15035336420091244
0.13950675348727207
0.139506888160855
0.15415195182192165
0.1541528018045652
0.15415339677089138
0.1541540767080955
0.1709914423630738
0.18306516651527607
0.18306508156310639
0.18303762821279668
0.18456023687513046
0.17250348346823996
0.17246676718143525
0.17250032405660995
0.17045651392576136
0.17043871242114744
0.17045531424265467
0.1704531758985276
0.1694778556094126
0.1694743016393922
0.1694699293244964
0.16946525943478766
0.17240777373418603
0.1724055412788196
0.17240373514735172
0.17240211834431007
0.17729312689493718
0.177289727093208
0.17729074705044054
0.17728862727671635
0.1780293863814112
0.17802644906511214
0.1780233425150433
0.17801985772294834
0.17581725069141754
0.17581491812205058
0.17581248043056635
0.17581069034338725
0.18035675221128114
0.19241671134363336
0.19242021739270973
0.19242387218012721
0.20270910692386732
0.1906466816725807
0.1906412738654554
0.1906412738654554
0.20891176943207151
0.20891176943207151
0.20891176943207151
0.20891176943207151
0.21584663076270896
0.21585827200643307
0.21586477295739492
0.21587842278635985
0.2060313917594242
0.20602999896857563
0.20602739699774472
0.20602586709198148
0.19733661336096942
0.1973367833809432
0.19733674539286955
0.19733563594469714
0.1902942409824513
0.19029764077916814
0.19030090157447346
0.1903041412234179
0.1596167819953402
0.1595980271326144
0.15962436147982878
0.15961271364356797
0.1561508892988084
0.15615170632093167
0.15615244434645587
0.15615296264831158
0.15499852260677166
0.15500213125405687
0.15500600218277016
0.15500974200277548
0.15385043866700368
0.15385043861360506
0.15385026858605833
0.1538500903376619
0.15269424824820801
0.15269810484278473
0.1527018507550825
0.1527054791216191
0.15154594123614423
0.15154577152555293
0.15154549074401788
0.151663180526048
0.13622523776277534
0.1362260878697462
0.13622659792130187
0.1362276178804269
0.15038602030905837
0.15038463788979498
0.15038325551070073
0.15038204821645954
0.15267906608710663
0.15267195945116288
0.15415190920819105
0.15414897189120638
0.1710027211787874
0.1830593018390722
0.1830753225562119
0.18308106051597178
0.18457889730216478
0.17252208281303405
0.17252131798184997
0.1725200707233658
0.17048007814846627
0.17048305157739976
0.17048595270112255
0.17048832134300235
0.1695030222524051
0.16949135933713974
0.1694805027835588
0.16947025099541488
0.17241164132760622
0.17240912346493312
0.1549661437898142
0.15496488002538827
0.15728573827869116
0.1772982166129788
0.17730219059318322
0.17730366613827148
0.1780428487759749
0.17803878564820705
0.17803465148127212
0.1780304316324312
0.1758275882532349
0.17582554837881395
0.1758235722509777
0.17582169982201856
0.18036202187951023
0.1924029634051311
0.1924029634051311
0.1924029634051311
0.20269785444628638
0.1906412738654554
0.1906412738654554
0.1906412738654554
0.20891176943207151
0.20891385362082104
0.20891850527614325
0.20891745346541146
0.21586266714128985
0.21586785930134186
0.21587619348819367
0.2158821586538824
0.20603539695122747
0.20603878631750427
0.20604106667116312
0.20604210111238347
0.1973523799356839
0.19735888207409424
0.19736247094964596
0.19736474671235857
0.19031597681704296
0.1903124510611618
0.19030650142618277
0.19030650144499
0.1723424335779416
0.17234420400143644
0.1723434264517697
0.1723457042980098
0.15616944074053843
0.1561711685300883
0.15617261005240143
0.15617376032466038
0.15040640151688464
0.1504137111889423
0.15042034080832192
0.15042748044244608
0.15385315902032246
0.15384992923400403
0.15384686934791503
0.15384397960567733
0.15268875614560676
0.15269300599351301
0.15269742584955331
0.1527020243454465
0.15154238084734847
0.151542380661454
0.15154220773543
0.1515384618365029
0.15038360114026977
0.15051371098409871
0.15038918783992739
0.1503913977451226
0.15039207765036497
0.15039500458812854
0.15039751733093978
0.1504000673324729
0.15271765404544121
0.15272071423599307
0.15289093281202176
0.15281952587138978
0.15504273535573837
0.16709318108841892
0.16708706147729713
0.16708169202716774
0.18458537793819535
0.17252127995307934
0.1725625484983587
0.1725064435751429
0.1562092246304089
0.15615306617097358
0.15615302383533464
0.17046303534297824
0.1694861233071976
0.1694839061276762
0.1694797838473238
0.1694751559279045
0.17241323964622293
0.17240858889039715
0.17240508916524044
0.1723991611143891
0.17728833576126563
0.17728254496692636
0.1772768278842684
0.17727083385703543
0.17800924557103226
0.17800515358825306
0.17800515358825306
0.17800515358825306
0.1758047671355824
0.1758047671355824
0.1758047671355824
0.1758047671355824
0.18034638282430013
0.1924029634051311
0.1924029634051311
0.1924029634051311
0.20269785444628638
0.1906412738654554
0.1906412738654554
0.1906412738654554
0.20891176943207151
0.20891176943207151
0.20891176943207151
0.20891176943207151
0.21584663076270896
0.21584663076270896
0.21584663076270896
0.21584698172713965
0.2060037262107787
0.2060052244209555
0.20600626512099163
0.20600706150939782
0.19732259874562633
0.1973289669453849
0.19733429722845297
0.19733884446898514
0.19029818019370032
0.19030306128072397
0.19030794629343814
0.19031270599321326
0.1723493010252393
0.1596224765340988
0.15962308048064824
0.15962332651239253
0.15614788158897344
0.15614924787814555
0.1561491614445726
0.15615145131568822
0.15499410293378815
0.1549946129685722
0.15499504736188932
0.15499546298264963
0.15383592248903388
0.15383557685204077
0.15383523122812673
0.1538352311796139
0.15267719626573942
0.15267855623967314
0.15267974616021443
0.15268094420744344
0.15151959286400943
0.1515180629946162
0.15151636319333062
0.1515149183128952
0.15035756993561156
0.15035943985738864
0.15036200340687972
0.15036453946461886
0.15036436960421745
0.15048687669968216
0.15036674951912163
0.15048214488922657
0.15267714315583683
0.15267345661533682
0.15266988680037336
0.15266591217017203
0.15498343608257661
0.16703393953238496
0.18304137079777566
0.18303448978947073
0.18452705432366148
0.1724656744829664
0.1724604614649619
0.1724548464955041
0.15608977291273785
0.16170742621336795
0.17087639834749482
0.1824564373542068
0.19265596188300332
0.20212328281472083
0.2082956030340347
0.21213631422610332
0.21918444271821555
0.21499335869315758
0.23968560083071896
0.2483677776074378
0.17726201870755381
0.17726201870755381
0.17884163193453068
0.21343002163207325
0.26192023761216005
0.27718562051683787
0.2637994015725163
0.2741707658876305
0.15724539358056938
0.15769526564292755
0.18520159238033068
0.2127949249433879
0.2155556656489705
0.23220839395079038
0.22637551654554744
0.21737236565018395
0.17870907395639987
0.1595646800962638
0.1906412738654554
0.1906412738654554
0.20891176943207151
0.20891176943207151
0.20891176943207151
0.20891176943207151
0.21584663076270896
0.21584663076270896
0.21584663076270896
0.21584663076270896
0.20599726628812862
0.20599726628812862
0.20599726628812862
0.20599726628812862
0.19730754507139567
0.19730754507139567
0.19730754507139567
0.19730754507139567
0.1902608591468088
0.1902608591468088
0.1902608591468088
0.1902608591468088
0.1595646800962638
0.1595646800962638
0.1595646800962638
0.1595646800962638
0.1560857503227222
0.1560857503227222
0.1560857503227222
0.1560857503227222
0.154926107064875
0.154926107064875
0.154926107064875
0.154926107064875
0.15376646380702783
0.15376683096960045
0.1537712128925186
0.15377131251298903
0.15261444883435463
0.15261523503678867
0.15261650996118103
0.15261750865603055
0.1514572418760095
0.15145722793905342
0.15145795039950227
0.1514590560994134
0.15030073030701585
0.15030245064591238
0.15030502827708783
0.150308102808002
0.15030755034466128
0.15030818780982705
0.15030878630041494
0.1503082302996019
0.15261884733499825
0.15261529879940672
0.15261179885253867
0.15260857888327306
0.1783714073777187
0.2042598711528705
0.24409599988193145
0.2264562551305423
0.2710934184704446
0.23105957943589453
0.23939370699069712
0.24843945318626498
0.25551173427680146
0.26266357836966064
0.2689705456296274
0.2768293606271756
0.2868837708659571
0.2968541882494757
0.3037932780678445
0.3138803147818582
0.3230277451366757
0.33475491840260396
0.3501854341230602
0.3691109026049419
0.21764295503400116
0.2654876933714672
0.3411819156438807
0.38228056849859476
0.38205658596751274
0.37380273383060886
0.36581770750968434
0.3539318021234948
0.23762011050558401
0.27705548845981476
0.3203294608638833
0.35047928250264515
0.9719509981352679
0.4307356763788998
0.4560455658512003
0.48090277783954216
0.45780932688342124
0.4367418025142686
0.4363420569142969
0.4356434727177241
0.454566192672772
0.44890601668844604
0.44082094385110754
0.43026319521964396
0.40237069783978735
0.3739751231905812
0.3744010808476605
0.3402878822471048
0.30999132450215894
0.29418285555199347
0.2777801502579075
0.2601155416847627
0.2450453987246739
0.23216263465270692
0.2225284738947387
0.2139716137561357
0.21819492834975504
0.22804506953934303
0.2377466313470227
0.2406474744105571
0.3080661636691534
0.28978134919268744
0.28604585074197575
0.2703434113085067
0.24659420915983346
0.24081076709916147
0.23087691301782795
0.2252325346262286
0.21358633191283227
0.20642541541970466
0.1983348861091724
0.19067107700866942
0.17971534754894558
0.1703558165870847
0.1607669639865275
0.15376646380702783
0.15260682054918062
0.15260682054918062
0.15260682054918062
0.15260682054918062
0.25802644448858997
0.2035694703703197
0.24542683712972263
0.23163015656801614
0.2182165737590793
0.2127611839086495
0.20811290179042163
0.20356176654021862
0.20084031625432686
0.19636991605515888
0.19293818683403144
0.19085766986601543
0.2069706429777334
0.20842466106255808
0.209617967786915
0.21049028772635406
0.2553586587691096
0.28164224405154437
0.288829116920115
0.2710533899949512
0.2738308401198032
0.26598978986573013
0.313308095236428
0.2794360342944428
0.3011327446359437
0.32612922345955475
0.3037674644167674
0.3087719906077203
0.3416785647482316
0.32359549886982875
0.3278528871343207
0.34246543884106656
0.3335438022925895
0.33389147502823696
0.35219508428199175
0.3126823360132309
0.16947590759368353
0.23992044090469147
0.24997083579528365
0.2608001714278823
0.2782550940425482
0.28833294901474077
0.29978825632997624
0.3019418723942191
0.1758047671355824
0.21141797560158418
0.21702070187186467
0.24328941537138007
0.28830749787093346
0.2787520031769903
0.2855673100519628
0.2962692856756717
0.30205480478169067
0.29116853783510127
0.2934983683356235
0.29669165349675125
0.30442864997266506
0.35962463230787034
0.35118149746752436
0.3451364781004983
0.33953393956045064
0.3294095189977837
0.320320712934066
0.3125409380971517
0.29611846579634715
0.3813476815119281
0.28750230064646354
0.3135077782694734
0.2676437636811941
0.2580440745764038
0.2675942519336303
0.24011588705985779
0.2521261741383467
0.22672065131897334
0.22342956018462742
0.2205971968851284
0.28661530850245226
0.2672981399645051
0.26360475632728386
0.24115979180647554
0.22473023678828416
0.21102294156973508
0.20145647707784056
0.19382200939239613
0.1827292231552549
0.17560143489172106
0.1687634476575753
0.16214261800007443
0.15376646380702783
0.15376646380702783
0.15376646380702783
0.15376646380702783
0.15260682054918062
0.15260682054918062
0.15260682054918062
0.15260682054918062
0.24530321707697483
0.19411940058752442
0.23615126024013586
0.21466350498221995
0.2020847866525315
0.19785440871755522
0.19485268488562085
0.19241122941332262
0.18601028757467084
0.17740806417800645
0.15784767116132137
0.14941312155195394
0.16933333388155034
0.16528701168753093
0.16029837291327842
0.18197969179714354
0.1709438410909324
0.1830006925935186
0.19843079753164378
0.18299976296007225
0.2767248981275418
0.1982497295959457
0.2266253646788912
0.21977181453380254
0.22771752167026083
0.2373330710666874
0.2504649196089757
0.2580909182480597
0.26814815843248774
0.27981818962973587
0.2861864036259682
0.2909222687989307
0.2942855432154805
0.2958352417191252
0.29741873108201944
0.2994723887663272
0.17726201870755381
0.22383376269599362
0.2553540728179424
0.8656567296254848
0.3037757269366969
0.31373516865217976
0.28565357788256296
0.28321901397180765
0.1758047671355824
0.2114181821371593
0.24498983093549814
0.233278758800797
0.24642694135530233
0.1924029634051311
0.1924029634051311
0.1924029634051311
0.20269785444628638
0.1906412738654554
0.1906412738654554
0.1906412738654554
0.20891176943207151
0.20891176943207151
0.20891176943207151
0.20891176943207151
0.21584663076270896
0.21584663076270896
0.21584663076270896
0.21584663076270896
0.20599726628812862
0.20599726628812862
0.20599726628812862
0.20599726628812862
0.19730754507139567
0.19730754507139567
0.19730754507139567
0.19730754507139567
0.1902608591468088
0.1902608591468088
0.1902608591468088
0.1902608591468088
0.17229504736339118
0.17229504736339118
0.17229504736339118
0.1595646800962638
0.1560857503227222
0.1560857503227222
0.1560857503227222
0.1560857503227222
0.154926107064875
0.154926107064875
0.154926107064875
0.154926107064875
0.15376646380702783
0.15376646380702783
0.15376646380702783
0.15376646380702783
0.15260682054918062
0.15260682054918062
0.15260682054918062
0.15260682054918062
0.1637580385216582
0.15145254435939856
0.15145052495928807
0.15145493092152704
0.15029866838451794
0.15030232856546277
0.15030589295843136
0.15030963274332013
0.15030939106512375
0.1503103976982716
0.1503112484743863
0.1503109076583472
0.15262449950904922
0.1526238195557899
0.15262339458591234
0.15262327811682483
0.17095841933738087
0.18301296390290242
0.1830106397349243
0.18300801024258845
0.1845070576330821
0.17244947815154946
0.17244757583705575
0.17244510153385442
0.1821115778975943
0.19350790241731017
0.20476349952706213
0.2162461331951328
0.22079501817284208
0.22591351073409158
0.2299747547852143
0.23348645753623926
0.24394958017982268
0.2507234751621331
0.257117483676821
0.26375410623913986
0.17726201870755381
0.17726201870755381
0.1863983750916878
0.2047947913045829
0.21357233663006556
0.21896144439010168
0.22326805507197572
0.22609660254307
0.1758047671355824
0.1758047671355824
0.1758047671355824
0.1758047671355824
0.18034638282430013
0.1924029634051311
0.19409791464098977
0.20384243762394746
0.2236314606582017
0.2137241399224286
0.21510830250578583
0.2175210590534177
0.24176278637997584
0.24143326426735692
0.23632876026455316
0.2285052939249955
0.21913430508937687
0.21584663076270896
0.21584663076270896
0.21584663076270896
0.20599726628812862
0.20599726628812862
0.20599726628812862
0.20599726628812862
0.19730754507139567
0.19730754507139567
0.19730754507139567
0.19730754507139567
0.1902608591468088
0.1902608591468088
0.16188396661195817
0.16188396661195817
0.1595646800962638
0.1595646800962638
0.1595646800962638
0.1595646800962638
0.1560857503227222
0.1560857503227222
0.1560857503227222
0.1560857503227222
0.154926107064875
0.154926107064875
0.154926107064875
0.154926107064875
0.15376646380702783
0.15376646380702783
0.15376646380702783
0.15376646380702783
0.15260810609861283
0.15261539489367704
0.1526179973921508
0.15262301210174606
0.15146477954076232
0.15146575143859228
0.13510494486825628
0.13510578923422467
0.15028995299052364
0.15030801781491085
0.15030878629662034
0.15030930463812994
0.15030895906704503
0.15030952060450714
0.15031047090234342
0.15031025491879177
0.15262282082654777
0.15262122717624518
0.15262020724074385
0.1526194422913598
0.15494187361804443
0.1669940635759582
0.18300883616531397
0.1830068812838566
0.18601172436319358
0.22025615166846904
0.1894662016385729
0.19760003786611274
0.2403362530223962
0.20407229452790573
0.207868505502608
0.22847686226214753
0.2128178611453782
0.3438324276982417
0.2940507421806648
0.2275198730336922
0.2301365998622701
0.23091238700071653
0.23168548529463145
0.23347503401038464
0.15724539358056938
0.15724539358056938
0.17726201870755381
0.15724539358056938
0.15724539358056938
0.15724539358056938
0.15724539358056938
0.15724539358056938
0.1758047671355824
0.1758047671355824
0.1758047671355824
0.1758047671355824
0.20081294798552832
0.21798616985666636
0.7831711094134841
0.21798616985666636
0.2282810608978216
0.19575791515576246
0.1906412738654554
0.1906412738654554
0.20891176943207151
0.20891176943207151
0.20891176943207151
0.20891176943207151
0.21584663076270896
0.21584663076270896
0.21584663076270896
0.21584663076270896
0.20599726628812862
0.20599726628812862
0.20599726628812862
0.20599726628812862
0.19730754507139567
0.19730754507139567
0.19730754507139567
0.19730754507139567
0.1902608591468088
0.1902608591468088
0.1902608591468088
0.1902608591468088
0.17229504736339118
0.17229504736339118
0.17229504736339118
0.17229504736339118
0.15611311365549624
0.15611311365549624
0.15611311365549624
0.15611311365549624
0.150337895582706
0.150337895582706
0.150337895582706
0.150337895582706
0.1431054259379443
0.1431054259379443
0.14311312556277278
0.15377989765339803
0.15262190714710147
0.15262282453723644
0.1526232348923974
0.15262353725839167
0.15146592419122196
0.15146791603558105
0.15146622655556427
0.15146920704783517
0.15031235252757633
0.1503125442966877
0.1503130324901756
0.15031349996339594
0.15031277751056338
0.15031341497604164
0.1503139697554639
0.1503135424579775
0.15263044911375168
0.1526339473837635
0.1526378861498189
0.15264183842188783
0.15496005881848424
0.16701383825167007
0.16701135021705588
0.16700875982320076
0.16815983248789929
0.15609684079904557
0.1560897603160777
0.16166545286639813
0.19133863830251166
0.20146555390054005
0.22395320274811842
0.2184914808816198
0.2694971313243015
0.2567198245010446
0.2370261319913452
0.23890397118142398
0.2405261967799578
0.2415573267562131
0.24215225521548414
0.24347276738801207
0.17726201870755381
0.17726201870755381
0.17726201870755381
0.17726201870755381
0.17800515358825306
0.17800515358825306
0.18901171851292883
0.20130945553922291
0.1758047671355824
0.1758047671355824
0.1758047671355824
0.1758047671355824
0.18034638282430013
0.1924029634051311
0.1924029634051311
0.1924029634051311
0.20269785444628638
0.1906412738654554
0.1906412738654554
0.1595646800962638
0.16420325312765252
0.16420325312765252
0.16420325312765252
0.20891176943207151
0.16652253964334693
0.16652253964334693
0.16652253964334693
0.16652253964334693
0.16420325312765252
0.16420325312765252
0.16420325312765252
0.16420325312765252
0.16304360986980534
0.19730754507139567
0.19730754507139567
0.19730754507139567
0.1902608591468088
0.1902608591468088
0.1902608591468088
0.1902608591468088
0.1595646800962638
0.1595646800962638
0.1595646800962638
0.1595646800962638
0.1560857503227222
0.1560857503227222
0.1560857503227222
0.15609452604267354
0.15493446541821987
0.1549354805144163
0.15493564773995208
0.15493620020991902
0.15377933610833824
0.15378166867029078
0.15378401525285623
0.15378635262027077
0.1526302366552325
0.15263334267755
0.15263662553598925
0.15263982200041776
0.15147964533151143
0.15147871039292315
0.15147845539950822
0.15147837039984324
0.15032068202613302
0.1503227219180956
0.15032494145509978
0.15032710121857606
0.150325200595705
0.1503246767824251
0.15032425182000497
0.15032234969605426
0.15263407697087458
0.15263174440222538
0.15262919585778992
0.15262675182728
0.15494340520477135
0.1669932801294998
0.1830007901350798
0.19189757365554905
0.20853605890172516
0.205958960967899
0.21496362363856325
0.22391243471649477
0.23278659793731601
0.24123648711431203
0.24876361356975318
0.2576399393473927
0.2680532158666287
0.2778840776691286
0.28468585952004083
0.28992920232636543
0.2974909015582946
0.304166958869377
0.3417266721654519
0.3248399911804087
0.19664962075117917
0.30269731980455167
0.2908485722388045
0.29965955835413965
0.317784963280375
0.3596190134343453
0.3247441882115762
0.32890764870993044
0.18774908710463367
0.19926668989360294
0.21546535945702
0.20747472014336882
0.23837533682798712
0.26739413405860213
0.2818950258622105
0.295667676250098
0.30692051521685815
0.2906548054935936
0.2681854263931346
0.20650277373675316
0.20891176943207151
0.20891176943207151
0.20891176943207151
0.20891176943207151
0.21584663076270896
0.21584663076270896
0.21584663076270896
0.21584663076270896
0.20599726628812862
0.20599726628812862
0.20599726628812862
0.20599726628812862
0.19730754507139567
0.19730754507139567
0.19730754507139567
0.19730754507139567
0.16188396661195817
0.16188396661195817
0.16188396661195817
0.16188396661195817
0.1595646800962638
0.1595646800962638
0.1595646800962638
0.1595646800962638
0.1560857503227222
0.1560857503227222
0.1560857503227222
0.1560857503227222
0.154926107064875
0.154926107064875
0.154926107064875
0.154926107064875
0.15376646380702783
0.15376646380702783
0.15376646380702783
0.15376646380702783
0.15260682054918062
0.15260682054918062
0.15260682054918062
0.15260682054918062
0.22000792668872823
0.15602639138571578
0.19408309691555004
0.17750141044486617
0.17170474084945558
0.170140186838216
0.16785395817305093
0.16527928050443166
0.16497524152422913
0.16246481170494323
0.15999908769469645
0.15780600348512416
0.17202126642508328
0.17546933941804255
0.17778266583303154
0.18002828836636828
0.189520872159854
0.21257355484571266
0.22232546852660923
0.23183797328972638
0.2376100943938472
0.23259034676157805
0.26205591726393546
0.2733481686381745
0.2839640791833877
0.2937655447966171
0.3028865280868824
0.31254625570483485
0.3536667666374349
0.3383306146017378
0.3657816746264477
0.35669494758934794
0.3620928333417655
0.3655218238558736
0.36913343057146075
0.37357724712737755
0.23546899459724754
0.30172894687634716
0.33274750437277306
0.3640662711664436
0.4011391018294746
0.43159589975922097
0.45676262823733926
0.4591935351422377
0.33939992324449664
0.42989161678054677
0.40117738794113594
0.4111392261786013
0.40092743662933916
0.4499958432356437
0.4576812590694599
0.45743606219853694
0.48391768036052835
0.47228351885318914
1.0
0.4018539963347306
0.40849502050133524
0.3696957102163865
0.3525950757557017
0.3427084194829875
0.33149638839311707
0.37804628888315056
0.3708073512558102
0.40308865533453553
0.35393093812358634
0.3409351218057723
0.35173782852332874
0.3284296461264154
0.3119250264355874
0.30259002907925175
0.2933216991069324
0.28553250677567865
0.26908224440272693
0.26108390323065384
0.252831658154681
0.24430985713296596
0.3155694735532273
0.2975547850047483
0.2905450568705255
0.26743878963811674
0.24604670065953715
0.2354658635393159
0.2267815951967893
0.2202508038296723
0.2097864436924712
0.20512904732619697
0.19865641298677905
0.19377612353283827
0.18860740576739637
0.1855278136433525
0.1826824298381892
0.1800375197801994
0.17516852242407496
0.17275465130010126
0.16991942712898775
0.16731584055549156
0.28256693578839137
0.22326103475754197
0.2613003170315528
0.24676927178392044
0.22947640271834518
0.22260890539542882
0.21738130380016316
0.21296488133967528
0.2135544960008754
0.21168202473652134
0.21044931357390434
0.20985383381933248
0.22104861389915728
0.2224970083528033
0.22353466803990332
0.2248070361061785
0.2249839882088828
0.23916667096645788
0.24133202952369873
0.2439499484197203
0.25267351106099484
0.24480297067752943
0.25017938058249134
0.25650992835711406
0.26346397532544147
0.2683976911394468
0.2723390889675503
0.27614796855406365
0.2992341749205901
0.2857722906472518
0.3291891235386303
0.29555608950100837
0.2978857207200247
0.3012431129969623
0.30447482176600826
0.30776621508583957
0.1666358634766028
0.19258982706394565
0.2142853494045116
0.23578697990002
0.24940760124744296
0.28691752096554474
0.27089107598705
0.2771186646033466
0.15724539358056938
0.19609864435523533
0.20602439126367456
0.2159654647174797
0.23582176156020238
0.260163488999157
0.29950079021215287
0.31200720662867415
0.37143209993109827
0.32414186623044006
0.330289415667457
0.36662348080683044
0.363227620400377
0.36406613783557157
0.4038193526729187
0.35519374402644815
0.353355548483606
0.39821563644889835
0.36202597644386203
0.35748241932475283
0.3307933531438858
0.3487563505975637
0.30902031472257707
0.29999890028369397
0.2838107074624211
0.2718154219883195
0.25909591946876914
0.2079745612068204
0.1954914644663009
0.18807848888560807
0.17864301287324824
0.1749227063389181
0.28473977854451477
0.2675735307330428
0.26625018304622006
0.24739704174252125
0.2273668589539521
0.2184130004501887
0.21132572842569722
0.20767393934141123
0.19730119211774336
0.19335449074594718
0.19010169768652677
0.18700932025511247
0.15376646380702783
0.15376646380702783
0.15376646380702783
0.15376646380702783
0.15260682054918062
0.15260682054918062
0.15260682054918062
0.15260682054918062
0.24073816504471718
0.1998355636497325
0.24155010734019858
0.22410064237514374
0.21212789162124743
0.20798600963782318
0.2037416793997948
0.19918056168770865
0.19782555442109173
0.19448522651744266
0.19096838006409342
0.18744109567642778
0.19884366538292358
0.1991817815075521
0.2003726987998134
0.2020051804218238
0.20155155154224275
0.21555558731610627
0.21730026449461312
0.21946953365803049
0.2294647689765918
0.2226757845008637
0.22862356562057473
0.2333522543665703
0.2411998013908748
0.24725152533933004
0.27033046337089944
0.27726239441878964
0.28312631079864087
0.2904211967236164
0.29675081394962444
0.3030331741414382
0.3117817981035817
0.31640792865043255
0.3208663495967643
0.3254669689153912
0.18765150464174601
0.21534834071005615
0.2419727818927337
0.2563874421586876
0.30407795806173066
0.3283883918235908
0.32191698411535785
0.3314329478070535
0.1843992026066339
0.21568994360174376
0.23017329226774066
0.2423800726507282
0.26035260280498146
0.27902905727798577
0.2839531319664612
0.28257661887663427
0.28754996981722225
0.2661426159222431
0.25001158529726314
0.23317564107913322
0.22302996442691042
0.20779992740264897
0.20779992740264897
0.20779992740264897
0.2147013020961768
0.2147013020961768
0.2147013020961768
0.2147013020961768
0.20490656938429705
0.20490656938429705
0.20490656938429705
0.20490656938429705
0.19627147993026448
0.19627147993026448
0.19627147993026448
0.19627147993026448
0.18926750531885833
0.18926750531885833
0.18926750531885833
0.18926750531885833
0.19104919301760687
0.19186582887495185
0.18502842120117308
0.18466247632866709
0.15532543960410258
0.1555383888226184
0.15532543960410258
0.15532543960410258
0.154926107064875
0.154926107064875
0.154926107064875
0.154926107064875
0.15376646380702783
0.15376646380702783
0.15376646380702783
0.15376646380702783
0.15260682054918062
0.15260682054918062
0.15260682054918062
0.15260682054918062
0.2411544831745512
0.18417122364113503
0.23163410974169707
0.21824437653596857
0.20314452500180433
0.1968266739077186
0.19263907650016762
0.18790334018378374
0.18542949046731363
0.18110494586170903
0.1769976245915183
0.17361964248234676
0.18426748096050397
0.18411251566014342
0.18413338201691584
0.18419154613323563
0.18471288329697513
0.20116300070737012
0.20490920033980764
0.20896890156852638
0.24291628906477938
0.24088599354246826
0.29485620386175876
0.26239674090633447
0.39724738924867187
0.2795334503082604
0.32566056598530385
0.29740200501602776
0.3230237365276153
0.3326238704352875
0.32065878043624413
0.3432579776940235
0.326032259944286
0.32781710495129845
0.33023347213181536
0.3342236982396694
0.19552883489763948
0.22444287331098073
0.24879782173499573
0.26817909868277207
0.286836709726078
0.29354929224049947
0.30051437477297516
0.3100444230486093
0.1748826407730238
0.19156000144149124
0.21367240525198963
0.23305090359082342
0.2474703237663816
0.2711627515186332
0.2797202927212152
0.28517159569930894
0.30447840282713834
0.2943695620188458
0.2961979462543173
0.30028222648642794
0.3222565657285285
0.32164312256635746
0.31681941685816545
0.31167990093062437
0.3073735161268811
0.2998834586944547
0.297240712064885
0.3168608099318468
0.2764862082689862
0.27406578210823923
0.31148797490388963
0.26952614124092905
0.30044066859116497
0.2462730976365104
0.23906546333882836
0.23256071320739446
0.2201569902144912
0.217578093528119
0.2128680687763474
0.20920021791812576
0.29180831245959105
0.27891575335064134
0.2788535055447518
0.2600565861916745
0.2262513602378201
0.21706465216600665
0.20820119843712473
0.20142607436185192
0.18350386614113956
0.17758914430249065
0.16704787587566725
0.1590077990962438
0.1423952977235653
0.1423952977235653
0.1423952977235653
0.1423952977235653
0.15260682054918062
0.15260682054918062
0.15260682054918062
0.15260682054918062
0.2508741613783483
0.19215058045438393
0.2360095260136894
0.21652706112978987
0.20343984838017254
0.19811892048529745
0.1940924021371304
0.19074667881980414
0.18926083775318014
0.18849733618653822
0.18368035252799486
0.18109107417398254
0.18950451811456323
0.18757108476910575
0.18561721079059698
0.18385887680131416
0.18493830950009754
0.19825273523722467
0.1995644334797149
0.2015345339663075
0.2064230667849242
0.1968714484962618
0.22058423480538653
0.22628424687780252
0.25326560618514626
0.24637479666675627
0.2564371452849032
0.31149907015788925
0.27603457305464235
0.2881899772108029
0.29688979350965033
0.30393862953873424
0.3090811389699871
0.31351501220750444
0.3181460550774833
0.3230380782646244
0.17887354289012058
0.20564912782977463
0.23141071782442332
0.24752796833623048
0.26472737839503285
0.2744588017458592
0.2824985677780992
0.29034893822205693
0.1748826407730238
0.20880015785948566
0.20815313852748735
0.21654347368955798
0.2447298990105939
0.26608943270275004
0.2753523172122493
0.28633892571054625
0.30531397400398347
0.32380128262383623
0.33860821094914123
0.3456899367392891
0.3503839488365498
0.34443565317354213
0.3401704280572235
0.33447780371229296
0.33209998631965404
0.3273534488802562
0.32245718342650326
0.3137310011332841
0.23146071957524925
0.20490656938429705
0.20490656938429705
0.20490656938429705
0.19627147993026448
0.19627147993026448
0.19627147993026448
0.19627147993026448
0.18926750531885833
0.18926750531885833
0.18926750531885833
0.18926750531885833
0.17141521125201428
0.17141521125201428
0.17141521125201428
0.17141521125201428
0.15532543960410258
0.15532543960410258
0.1560857503227222
0.1560857503227222
0.154926107064875
0.154926107064875
0.154926107064875
0.154926107064875
0.15376646380702783
0.15376646380702783
0.15376646380702783
0.15376646380702783
0.15260682054918062
0.15260682054918062
0.15260682054918062
0.15260682054918062
0.20302999389199772
0.15144883492492373
0.17294380678337357
0.1545624404114345
0.1508885407411601
0.15259583366632531
0.15348633109255866
0.15472139375142752
0.15302563736241379
0.1502880865006507
0.15029000951150812
0.15029170241535275
0.1546193323942923
0.1557341031274994
0.1565053657089913
0.15795134652421502
0.18250397291975598
0.20292963144109255
0.20984245856729336
0.21618618788241803
0.2291699771861614
0.221929676357518
0.22932155648070077
0.2391621677987354
0.24592844861393012
0.25480442012406535
0.2919709725338658
0.26252838831411
0.2895106900726617
0.28134421539626436
0.28081742271650106
0.2886419275310926
0.2959859792983665
0.3024185320362627
0.3091745172416265
0.31618124209328297
0.2586902371014969
0.2744174479681819
0.26341762443766464
0.2545268224119891
0.2643366800453398
0.2554686533872598
0.24306055358297082
0.24384670505709502
0.15724539358056938
0.15724539358056938
0.18069395495476231
0.1960453058712573
0.22241809581749117
0.25624608218064066
0.27027630434092326
0.2865903649459485
0.30616773622602245
0.2966092980934356
0.30204748801560205
0.3026071365657129
0.3240357639626275
0.3207234846706985
0.31322899569349605
0.30391699270036476
0.2940314602455207
0.27889737801068215
0.2683601641948962
0.25169075937046403
0.22718072291918673
0.25427607904066335
0.2552001641018999
0.8287786921864433
0.23599801879832985
0.23321787297281577
0.2013881212205715
0.19627147993026448
0.18926750531885833
0.18926750531885833
0.18926750531885833
0.18926750531885833
0.2745520673938324
0.2185301774569027
0.26485461447146275
0.25128465192429766
0.21465079584671298
0.20801152351669097
0.3146178860434206
0.19954044809911634
0.24470590142689286
0.18854049383991464
0.1799081535348054
0.20454697060926805
0.15376646380702783
0.15376646380702783
0.15376646380702783
0.15376646380702783
0.15260682054918062
0.15260682054918062
0.15260682054918062
0.15260682054918062
0.26999616272556554
0.2281938703482594
0.27375882434653565
0.2651542968642855
0.24827334757193356
0.24204836765004545
0.23734824891888695
0.23343800732973014
0.2321297887950342
0.2291529438892253
0.22654972048316543
0.22452232225650573
0.2316660780978755
0.23009826138936015
0.22835934013343087
0.2273034100414037
0.23036383022576454
0.2436691751705602
0.2440894731300173
0.24420459261666022
0.2500891634553686
0.24089470645619496
0.2651743990969906
0.3088135614609786
0.32349548045476684
0.9164341259021829
0.3394382296790721
0.3445500345791892
0.3484164952548407
0.3163512018977751
0.3114156040083352
0.3161488819685231
0.32421593650450964
0.33238456775947683
0.34149801955603803
0.35266988803638066
0.22437096359668415
0.26140459416446843
0.30818937866631574
0.33407309813231373
0.35610859350531615
0.37591612594233337
0.3914762435919512
0.4072168285795853
0.25239418423593657
0.35540415951976484
0.32386032606052695
0.3390011965195427
0.37258282496102507
0.4020741938545201
0.41814677847588694
0.4337179861112509
0.4467688404675308
0.43523841530417723
0.4353037569869321
0.43505647673457126
0.4632832845785054
0.4653664658520844
0.46554598416038157
0.4657711153434486
0.4434833118793707
0.41022472533751364
0.3257056900681117
0.30324085495593006
0.2961632391936309
0.30123499054164016
0.2948248769828111
0.2924402747892456
0.2935850856691056
0.29530401151400704
0.2984774262875387
0.302246703687903
0.30630765102364915
0.3147203184137889
0.32573991804289165
0.335580311000137
0.40491362482512333
0.37210865223719614
0.26230005063164896
0.2016868451322065
0.18164243602592192
0.17371222524220425
0.16842078945269673
0.16437685569365026
0.1641365362196801
0.1659132254788262
0.16867688886059606
0.17154130238215543
0.2140938641763985
0.21009509225099268
0.20646992115807375
0.20299565152352014
0.19721989242781288
0.19337040329576227
0.18970565774130754
0.1868771175967537
0.31327872364154913
0.26620205271871344
0.3001870191824412
0.2922092730290053
0.27034182028794457
0.2595055697624928
0.2501788004768306
0.2415163782341309
0.2371400439766996
0.2312685735642819
0.22634100355997283
0.22104927403252508
0.242178474612345
0.25241258554361323
0.26130301741215023
0.26948581727761706
0.3042725018815151
0.30621738827699335
0.3247634954893816
0.33153686447297476
0.36197668250020787
0.36569010610259983
0.42296927456558664
0.3727801805695551
0.3787131522221691
0.3912693156866387
0.3882459765251675
0.40613440055347155
0.4074331026691534
0.4102300416510069
0.4122385836642877
0.4116510605461483
0.4117452081267385
0.4117691815667042
0.41172193290607756
0.4116649484091132
0.29198309087513
0.3499644868653284
0.37046413039106985
0.40628004268765794
0.41942035354966195
0.4219141858726338
0.4243702607566457
0.4267936104486581
0.29300815721727896
0.34124108512910456
0.28417326503042917
0.27542041258467365
0.2912112492570492
0.3140653182093155
0.3232932682944293
0.3319724142208129
0.3460999951731041
0.338020312318258
0.34170581613432943
0.3454494711371917
0.3534102277356496
0.3513572464744138
0.34561136751217647
0.33827222113900507
0.31673494305216887
0.2971875296456848
0.27972799043083457
0.2629522229916392
0.24001890266996415
0.26775482883107043
0.24211481110563846
0.21134769878081514
0.19627147993026448
0.19627147993026448
0.19627147993026448
0.19627147993026448
0.16188396661195817
0.16188396661195817
0.16188396661195817
0.16188396661195817
0.23535506964455774
0.17869596035645818
0.22371645109295044
0.20903637031297337
0.18766077804853137
0.17784194840453535
0.17017279168312688
0.15869511814376547
0.154926107064875
0.154926107064875
0.154926107064875
0.154926107064875
0.15376646380702783
0.15376646380702783
0.15376646380702783
0.15376646380702783
0.15260682054918062
0.15260682054918062
0.15260682054918062
0.15260682054918062
0.24991114647175158
0.17619564592400389
0.21997689002314869
0.19898161715340057
0.18202846640785675
0.17160026172371495
0.1626914377568393
0.15428813343577147
0.15028849513750733
0.15029271872784897
0.1502967347402987
0.15030041077221737
0.1533540547327247
0.16735203610502197
0.17979894755812975
0.18955316294948726
0.18851898984579876
0.20191335990947962
0.20308511962715473
0.20513718931770847
0.2142177082155671
0.21287397191850052
0.22499619590286313
0.2374604843983494
0.24865708249595206
0.2561930718243168
0.26431648223266435
0.27340918397141656
0.2842008019261399
0.29730221233296833
0.3059018861231737
0.3115331398832491
0.31841834338374925
0.32720693203097706
0.3371072210689901
0.34841221064814165
0.2081656085288214
0.24335222877934076
0.2874738908107173
0.3200801020185564
0.33538116775282395
0.3407497059484054
0.34481070911195333
0.3483926976117228
0.16158950125012464
0.17133241436128588
0.15724539358056938
0.15724539358056938
0.1560857503227222
0.16814233090355318
0.16814233090355318
0.16814233090355318
0.17162126067709477
0.1595646800962638
0.1595646800962638
0.1595646800962638
0.16420325312765252
0.16420325312765252
0.16420325312765252
0.16420325312765252
0.16652253964334693
0.16652253964334693
0.16652253964334693
0.2147013020961768
0.20490656938429705
0.20490656938429705
0.20490726051513436
0.20491317707161072
0.19628575908542126
0.19629283298833375
0.19629807405361865
0.19630233308306635
0.1893010358114768
0.18930210163732275
0.18930287288155384
0.18930331450867083
0.17144618251653362
0.17143705494057074
0.171426451833269
0.1714170352919679
0.156094674793648
0.15609527496769704
0.15609788830376423
0.15609451904083962
0.1549342494450452
0.1549333639334572
0.15493062241939617
0.15492881759149163
0.15377484376122344
0.15378080669500746
0.15378754327336558
0.15379510707449998
0.1526321490192658
0.1526289367084352
0.15262598689862514
0.1526233212890081
0.15146800104486
0.15147259077119254
0.15147752048486585
0.1514828137079188
0.15032833159670939
0.15033377127871184
0.150339635919621
0.15034524555490514
0.15033938089018317
0.15033496280166425
0.15033071143806773
0.15032680173612978
0.1533286317894913
0.1533310541585794
0.15329731403362637
0.15331635000539012
0.17005912670429915
0.18211488655925773
0.18212872404396724
0.182109642657557
0.18362039928048599
0.17156071638949777
0.1715408051522962
0.17154640478494204
0.16951413117442277
0.1747383161364167
0.18833545963195947
0.18108397192439815
0.19084579418076775
0.2064104722479792
0.2182667559382555
0.226745763077877
0.23060204794927353
0.257598745165787
0.2627557429018513
0.26902673986566084
0.17632931978219973
0.18403150710948998
0.22332743162116253
0.2269940582950009
0.24889272618992672
0.31277269377197453
0.28708997365121935
0.30505159253314523
0.2369090673041421
0.22655909525255857
0.2565918314299572
0.2920331410545378
0.3276112801758821
0.35819294998785833
0.35467347799192517
0.37577727404537525
0.3908246179898249
0.3856395504184735
0.39378845993850253
0.4018502500468194
0.40928748819665123
0.4121199525412893
0.40214582429134854
0.4453363470045387
0.42931977425472884
0.404220009005753
0.38341497318582884
0.3644210750005727
0.3404679167354961
0.3280226778240547
0.31680371259114065
0.3071503147595976
0.2926350802446463
0.2844868003422677
0.25377679621393345
0.2219144528317442
0.18926750531885833
0.18926750531885833
0.18926750531885833
0.18926750531885833
0.19848561630912312
0.19159829356892688
0.1595646800962638
0.1595646800962638
0.1560857503227222
0.1560857503227222
0.1560857503227222
0.1560857503227222
0.154926107064875
0.154926107064875
0.154926107064875
0.154926107064875
0.15376646380702783
0.15376646380702783
0.15376646380702783
0.15376646380702783
0.15260682054918062
0.15260682054918062
0.15260682054918062
0.15260682054918062
0.25015499193449425
0.18798890864052833
0.23393677060737514
0.21463032205397803
0.20484863022385622
0.2035961559382469
0.20343602686244175
0.2036850068337912
0.20245433436369212
0.1995279080465679
0.19700856267252756
0.19480274506865267
0.20089749626427447
0.1957441404046676
0.1897345315861194
0.18324540511934365
0.18588846711609813
0.19978019943927117
0.20083047183776104
0.2019310593823897
0.21079559009547122
0.20562669076349135
0.23462785399074923
0.24417315621124677
0.25789194989294245
0.27013197604067885
0.2807374101753727
0.2911448541991681
0.2956967039997993
0.30175330418503715
0.3038637179294815
0.3031783175667408
0.3071994820814913
0.30997280934192617
0.312968084947044
0.31698444379975377
0.20729219765289364
0.20268195607420386
0.22627090751086654
0.2722208960002251
0.26305714020661025
0.28249665089336023
0.33207615481415365
0.319115912126729
0.27360285121846534
0.2680359603136998
0.2629360954760989
0.23789921231123193
0.2817829291470862
0.31359388819484896
0.3396392222952575
0.3651932397131565
0.3719534214884051
0.3455430867358448
0.33790078694202447
0.32922378423328746
0.3518551568647916
0.3457892093743497
0.33768729659930075
0.33091489460817647
0.3153706919518955
0.2999426098845641
0.2890249256991662
0.2783625852707853
0.26655168332478957
0.26429833045616696
0.26072903105247386
0.2599554958617941
0.24164537767581354
0.2298732357532943
0.21877958624935556
0.20778748806091413
0.19390961241034887
0.18926750531885833
0.18926750531885833
0.18926750531885833
0.2810543995742445
0.2230284203198119
0.26936431321818705
0.2542804004163175
0.24428389083834742
0.24596459077744323
0.2535712544908787
0.2073686079768936
0.196086098207259
0.19641835098884355
0.1973314932297405
0.1984109738057913
0.15376646380702783
0.15376646380702783
0.15376646380702783
0.15376646380702783
0.15260682054918062
0.20359346891321894
0.2101155427527135
0.21799277796124022
0.3377228972140776
0.3405400194476782
0.3473836347690604
0.33749818262453746
0.3134118146625929
0.29743187761227596
0.2830166078031994
0.26851242563753497
0.265987642097239
0.2617606221401701
0.24675715541899093
0.2436078420129831
0.2643191918595491
0.2619791963827839
0.2574121770564599
0.2508349413947969
0.26395131727647775
0.27616147676726605
0.2743410717788932
0.271511255643084
0.2766394297526917
0.2639369825000028
0.2655784728530566
0.26902001803216785
0.27346435108754613
0.2803429544050717
0.2867708481248109
0.29457614882767647
0.30709075264600233
0.31821501754470605
0.325813559208639
0.3314782135019902
0.3364225132744548
0.340235658644645
0.3421884405372651
0.34588809390836
0.2094809133661501
0.24921158714356986
0.2658027906462088
0.2874054117358763
0.29914050127623737
0.29479178879605616
0.22984288671478406
0.21944450266223703
0.1748826407730238
0.1748826407730238
0.1748826407730238
0.15724539358056938
0.1560857503227222
0.16814233090355318
0.16814233090355318
0.16814233090355318
0.20168491391046886
0.18962833332963788
0.18962833332963788
0.18962833332963788
0.20779992740264897
0.20779992740264897
0.20779992740264897
0.20779992740264897
0.2147013020961768
0.2147013020961768
0.2147013020961768
0.2147013020961768
0.20490656938429705
0.20490656938429705
0.20490656938429705
0.20490656938429705
0.19627147993026448
0.19627147993026448
0.19627147993026448
0.19627147993026448
0.18926750531885833
0.18926750531885833
0.18926750531885833
0.18926750531885833
0.17141521125201428
0.17141521125201428
0.17141521125201428
0.17141521125201428
0.1560857503227222
0.1560857503227222
0.1560857503227222
0.1560857503227222
0.154926107064875
0.154926107064875
0.154926107064875
0.154926107064875
0.15376646380702783
0.15376646380702783
0.15376646380702783
0.1537669419044818
0.1526129543446992
0.15260942352402374
0.15260930665577996
0.15260788964376074
0.15145233011904516
0.15145608052763465
0.15145992655593815
0.15146387883439244
0.1503046827522473
0.15030491554055486
0.1503051280323292
0.15030517053220216
0.13874990859597636
0.1387510678418808
0.13875271342467577
0.13875428583609964
0.153307043049504
0.1533043981407459
0.15330211332906976
0.1532998085895008
0.17004703806259105
0.18210146349557493
0.18209907671618622
0.21054360445737003
0.20471734970446157
0.18756553031211268
0.19560084540800113
0.1967037088319056
0.18182966900270292
0.2050539451838153
0.2106267716799653
0.25752298840645155
0.21246412821531574
0.21148042494174724
0.21253237821498963
0.2158716851693493
0.22371341693375543
0.22810861778829097
0.2329087657543336
0.24079251370297997
0.17632931978219973
0.17632931978219973
0.17632931978219973
0.17632931978219973
0.196376496546649
0.20766250882880166
0.21582778596379146
0.2269454354084009
0.1748826407730238
0.1748826407730238
0.1748826407730238
0.1748826407730238
0.1793828930352851
0.19143947361611605
0.19445975440110688
0.2008826203864896
0.22325378623644684
0.2173324515537506
0.2529553323592769
0.23678300620958495
0.24999520594484512
0.24599205430550924
0.23707582726089999
0.23641049391908797
0.22167625859750623
0.2147013020961768
0.2147013020961768
0.2147013020961768
0.20490656938429705
0.20490656938429705
0.20490656938429705
0.20490656938429705
0.19627147993026448
0.19627147993026448
0.19627147993026448
0.19627147993026448
0.18926750531885833
0.18926750531885833
0.16188396661195817
0.16188396661195817
0.1595646800962638
0.1595646800962638
0.1595646800962638
0.1595646800962638
0.1560857503227222
0.1560857503227222
0.1560857503227222
0.1560857503227222
0.154926107064875
0.154926107064875
0.154926107064875
0.154926107064875
0.15376646380702783
0.15376646380702783
0.15376646380702783
0.15376646380702783
0.15260682054918062
0.15260682054918062
0.15260682054918062
0.15260712291948686
0.1514492074919267
0.15641646861924666
0.15769059282579434
0.15915876679284927
0.1533438512871459
0.15028901348812188
0.15029213439452754
0.15029552524683865
0.15029460987593474
0.15029490970606654
0.1502951472815626
0.1502953323316447
0.15329542421856424
0.15329521903878665
0.15329481947828164
0.15329442126816348
0.17004315508129275
0.18209992135167719
0.18210024321148233
0.18210061193602076
0.18359792871689468
0.17154195523777951
0.1715421496183228
0.17154210642237447
0.15608944229568686
0.1583125472855585
0.17038209621339329
0.18320230344311017
0.19200163919851654
0.2240806222190915
0.23269366985187165
0.23992619746681756
0.24975865944483563
0.2552921424677216
0.2616548416755729
0.2704819713040756
0.17632931978219973
0.17632931978219973
0.17632931978219973
0.17632931978219973
0.17706706311600148
0.17706706311600148
0.17706706311600148
0.17706706311600148
0.1748826407730238
0.1748826407730238
0.1748826407730238
0.1748826407730238
0.1793828930352851
0.19143947361611605
0.19143947361611605
0.19143947361611605
0.20168491391046886
0.18962833332963788
0.18962833332963788
0.18962833332963788
0.20779992740264897
0.20779992740264897
0.20779992740264897
0.20779992740264897
0.2147013020961768
0.2147013020961768
0.2147013020961768
0.2147013020961768
0.20490656938429705
0.20490656938429705
0.20490656938429705
0.20490656938429705
0.19627147993026448
0.19627147993026448
0.19627147993026448
0.19627147993026448
0.18926750531885833
0.18926750531885833
0.18926750531885833
0.18926750531885833
0.17142574001897956
0.1714330942868899
0.17143501510885914
0.17144024231615254
0.15611877093470214
0.15612078207453392
0.15612229820006643
0.156123503363599
0.1549655015185103
0.15496545971292702
0.15496550147896956
0.1549654150698172
0.15380676529443502
0.15380732682163603
0.15380768626889713
0.15380768627596952
0.15264681965160493
0.15264519568897977
0.1526438823525209
0.1526427160607973
0.15148588050330442
0.1514884847242568
0.15149123674664694
0.15149392437754125
0.15033729528801365
0.15034006073728204
0.1503429970681225
0.15034618040266728
0.13879085090734844
0.1387922331329036
0.13876550504197147
0.13879448824967183
0.15334346845996813
0.15333344707982258
0.1533503053635345
0.15335081549535143
0.17009795969203279
0.18215316011187122
0.18215299007720423
0.2026085908691038
0.20918741416371398
0.7623258509460242
0.19713752644194285
0.2150978237988208
0.19511113387278609
0.19510951455401654
0.19510561551839312
0.19510274967200525
0.17365847191862221
0.16853703753216395
0.1822631079260925
0.20050324886877474
0.20768345103623215
0.2122676968475966
0.24419961578182944
0.25823935409291254
0.17632931978219973
0.17632931978219973
0.17632931978219973
0.17632931978219973
0.17706706311600148
0.17706706311600148
0.17706706311600148
0.17706706311600148
0.1748826407730238
0.1748826407730238
0.1748826407730238
0.1748826407730238
0.1560857503227222
0.16814233090355318
0.16814233090355318
0.16814233090355318
0.17162126067709477
0.1595646800962638
0.1595646800962638
0.1595646800962638
0.20779992740264897
0.20779992740264897
0.20779992740264897
0.20779992740264897
0.2147013020961768
0.2147013020961768
0.2147013020961768
0.2147013020961768
0.20490656938429705
0.20490656938429705
0.20490656938429705
0.20490656938429705
0.19627147993026448
0.19628487371586495
0.19630068019357344
0.19631956680048177
0.18931964970470364
0.18931791461881028
0.16193645114377697
0.1619351759951687
0.1596206341463877
0.15962325332660332
0.15962705450361
0.15963120124498528
0.15615434482782373
0.15615443119326505
0.15615408611330994
0.1561540011856871
0.15499193713565879
0.15498840822699464
0.1549851121994748
0.1549821186076549
0.15382443226086912
0.1538259601769426
0.15382732016385323
0.1538286800919119
0.15267075007913075
0.15267252159359712
0.15267422150986779
0.1526759335394056
0.15162995869003365
0.151513643221672
0.15151248901606656
0.15151162506805713
0.15035353681831842
0.15035493482488987
0.1503566468798507
0.15035773968610328
0.15035756980503018
0.15035841982876796
0.15035926980520745
0.1503601197413614
0.15267316906551948
0.1526716139704417
0.15265528599972042
0.15264967055540216
0.1700813723329912
0.18215108434346378
0.1821544535748126
0.18215375490075433
0.18364785440344214
0.17158940209271228
0.15613931288268293
0.15613715307336304
0.15613626319829513
0.15613451812819037
0.1561325743084228
0.15612993936453765
0.15496723685572447
0.15496325249143997
0.15495772621090087
0.15495159930876073
0.15495111728776964
0.15494701576351308
0.15494661204017207
0.15494085460135912
0.15725849339412798
0.15725541233585782
0.15725125239900273
0.15724691454311318
0.15724539358056938
0.15724539358056938
0.15724539358056938
0.15724539358056938
0.15724539358056938
0.15724539358056938
0.15724539358056938
0.15724539358056938
0.1560857503227222
0.16814233090355318
0.16814233090355318
0.16814233090355318
0.17162126067709477
0.1595646800962638
0.1595646800962638
0.1595646800962638
0.16420325312765252
0.16420325312765252
0.16420325312765252
0.16420325312765252
0.2147013020961768
0.2147013020961768
0.2147013020961768
0.2147013020961768
0.20490721038646056
0.204914601389694
0.20492032376299776
0.20492540265254067
0.19629535267737425
0.19630057093591646
0.1963045978445093
0.1963080687599696
0.1893044159541818
0.18930353677535472
0.18930186680724903
0.18930105171104425
0.15960321058999247
0.15960130996739982
0.15960229031458723
0.1596052226611649
0.15612484800906798
0.15612816848870456
0.15613045769727352
0.1561311058062249
0.154975436516629
0.15497744400139896
0.1549808791365395
0.15498313861908514
0.15382885002534075
0.15383384893175148
0.1538388793628689
0.15384421582972935
0.15268229604696218
0.15267974632333084
0.15267702648233372
0.1526745616249498
0.15151670328120362
0.1515180632562
0.15151959315140023
0.1516477789911207
0.15036045971855844
0.15035949797204048
0.1503587597532964
0.15046228488648022
0.1503580797919118
0.15035926976415143
0.1503443956485057
0.15033989089727465
0.15335030539627761
0.15335176208442583
0.15334979538997465
0.15334770167655906
0.1700938595654697
0.18214690403574457
0.18214378437464146
0.18214097663790327
0.18361889172176535
0.1715564101070868
0.1715696155264509
0.17157238183801177
0.16954088908585452
0.16953678810224465
0.16953231687806322
0.16952767242126052
0.18900413764886528
0.20265350621567946
0.7965971271655574
0.21587573283607875
0.22179713253145625
0.1870570126870942
0.17829571444503084
0.18152384098956034
0.17632931978219973
0.17632931978219973
0.17632931978219973
0.17632931978219973
0.17706706311600148
0.17706706311600148
0.17706706311600148
0.17706706311600148
0.15724539358056938
0.15724539358056938
0.15724539358056938
0.15724539358056938
0.1560857503227222
0.16814233090355318
0.16814233090355318
0.16814233090355318
0.20168491391046886
0.18962833332963788
0.18962833332963788
0.18962833332963788
0.20779992740264897
0.20779992740264897
0.20779992740264897
0.20779992740264897
0.2147013020961768
0.2147013020961768
0.2147013020961768
0.2147048225393197
0.20491930004344736
0.20492630945234597
0.2049313312473126
0.20493239369142305
0.1963024393472142
0.19630532663117797
0.19630697571784206
0.19630669772726095
0.1893057334880599
0.18930508553292485
0.18928553221603184
0.1893059362438621
0.17144427953842573
0.1714332726965611
0.17146479990199154
0.17146013473624128
0.1553793477508848
0.1561447555165496
0.1561469465984991
0.15614779656328312
0.15499193715773021
0.15499427287108458
0.15499648276824116
0.15499869267456737
0.15383751952969388
0.15383564972830524
0.1538330999312323
0.1538319100194944
0.15267600661560374
0.15267957642167332
0.15268314630390023
0.1526867162409639
0.1515265712862
0.15152588282834015
0.15152537288031379
0.1515249297275846
0.15036445462262765
0.13551778315156732
0.135516573578812
0.1355158823751034
0.1503611395311998
0.15036173454982
0.15036217610448477
0.1503625216026117
0.15336203470350293
0.15336143798353488
0.15336109235835976
0.15336092971149481
0.17011043355400932
0.18216616424001272
0.18216577098431852
0.1821649743399815
0.1836542474309469
0.17159205137151448
0.1715891572324678
0.17158403148164128
0.16955056808250768
0.16954550376050126
0.16954077577375792
0.16953441534030156
0.16855989308334388
0.16855871602778108
0.16855760719872706
0.1685562793878216
0.15494894944283447
0.15494550190568987
0.17146858565765366
0.1714656530940935
0.17633663064198285
0.1763345310300881
0.17633081810162046
0.17632931978219973
0.17706706311600148
0.17706706311600148
0.17706706311600148
0.17706706311600148
0.1748826407730238
0.1748826407730238
0.1748826407730238
0.1748826407730238
0.1560857503227222
0.16814233090355318
0.16814233090355318
0.16814233090355318
0.20168491391046886
0.18962833332963788
0.18962833332963788
0.18962833332963788
0.20779992740264897
0.16420325312765252
0.16420325312765252
0.16420325312765252
0.16652253964334693
0.16653370571384973
0.1665404442563607
0.16654800998361358
0.16423508829244773
0.20493731626595518
0.2049383181526
0.20494547575933633
0.19631669718814443
0.19632269620755685
0.19632400844544554
0.1963314235985489
0.18932895659508578
0.1893293815817153
0.18930898281234862
0.18933040149651603
0.17148065729365936
0.17148086860128825
0.17148121411854425
0.15963420589188437
0.1561583359841824
0.15615901590645279
0.15615935583287563
0.15616004669754202
0.15500005783267598
0.15499835256171732
0.15499665272942575
0.15499522000898427
0.1538364406196613
0.1538368725392661
0.15383734941948154
0.15383782288704456
0.15267838614249088
0.1526790661312249
0.15267923612822928
0.15267974608861418
0.15152078275636482
0.15152163276037953
0.15152216489693715
0.15152285596457152
0.15046480358467107
0.15047755396101956
0.15036436937194136
0.15036476788277423
0.15036338554514217
0.15036334958053008
0.1503632129815128
0.1504715282758769
0.1526782163183335
0.15267878451326355
0.15267957616371117
0.1526805986397914
0.15500081755761122
0.16705288056300538
0.16704892347629052
0.16704486138133331
0.16819652863778103
0.15613690559040697
0.1561332223047136
0.15612903230895528
0.15612576615194523
0.15612206045990315
0.15610196308409693
0.1561077086368949
0.16855358349580796
0.168548424537133
0.168543079958843
0.16853782263942793
0.17145677165334444
0.1772834985002818
0.18126467870294286
0.18583579600937522
0.17632931978219973
0.17632931978219973
0.17632931978219973
0.17632931978219973
0.17706706311600148
0.17706706311600148
0.17706706311600148
0.17706706311600148
0.1748826407730238
0.15724539358056938
0.15724539358056938
0.15724539358056938
0.1793828930352851
0.19143947361611605
0.19143947361611605
0.19143947361611605
0.20168491391046886
0.18962833332963788
0.18962833332963788
0.18962833332963788
0.20779992740264897
0.20779992740264897
0.20779992740264897
0.20779992740264897
0.2147013020961768
0.2147013020961768
0.16652253964334693
0.16652253964334693
0.20490656938429705
0.2049142093720145
0.20492162305811545
0.20492562355100086
0.19628956259464847
0.19628661999993188
0.19628460141884982
0.19628104480870653
0.1892790115018787
0.1892791814917133
0.16190048749438143
0.16190109368129557
0.15958683036378787
0.15959111582307622
0.15959457146361383
0.15959897740452847
0.15612272574510525
0.156123330470457
0.1561232440677289
0.15612472040581526
0.15496979439745212
0.1549731092296733
0.15497647314172733
0.1549795831973933
0.1538231553244307
0.15382607369521512
0.15382875179021432
0.15383160266900756
0.1526721814991008
0.1526722665768966
0.15267230510409116
0.15267247784161708
0.15151381320830587
0.15151466327514562
0.15151500343137417
0.15151602349365545
0.1504816129309473
0.15035587024722252
0.15035561066989303
0.1503552649983437
0.1503538826494892
0.15047186486849273
0.15046468370278177
0.15035319134283842
0.15276228378775836
0.1526597782977451
0.15334019091341933
0.15333526128965275
0.17008493503414057
0.18214262055186714
0.18214443222072813
0.18214667837356557
0.183636521002596
0.17157585289789615
0.17157028081738374
0.17156526999024893
0.16953107638289516
0.16952528543857348
0.16951937186065952
0.16951358601689245
0.16853457357984727
0.18283100268490404
0.18118436246774955
0.1831537516938669
0.1952537109221411
0.20048635316528657
0.20787695163453887
0.21441558131822785
0.15724539358056938
0.15724539358056938
0.15724539358056938
0.15724539358056938
0.15724539358056938
0.15724539358056938
0.15724539358056938
0.16370684095958235
0.15724539358056938
0.15724539358056938
0.15724539358056938
0.15724539358056938
0.1560857503227222
0.16814233090355318
0.16814233090355318
0.16814233090355318
0.17162126067709477
0.18962833332963788
0.18962833332963788
0.18962833332963788
0.20779992740264897
0.20779992740264897
0.20779992740264897
0.20779992740264897
0.2147013020961768
0.2147013020961768
0.2147013020961768
0.2147013020961768
0.20490656938429705
0.20490656938429705
0.20490656938429705
0.20490656938429705
0.19627147993026448
0.19627147993026448
0.19627147993026448
0.19627147993026448
0.18926750531885833
0.18926750531885833
0.18926750531885833
0.18926750531885833
0.17141521125201428
0.17141521125201428
0.17141521125201428
0.17141537061695852
0.1553358514488666
0.15533602250464928
0.15609909773527414
0.1561006095771154
0.15494498349995198
0.15494684090482497
0.1549491302642718
0.15495111725479657
0.1537935905734999
0.1537951456083048
0.15379575034242307
0.1537979118019782
0.1526431132386816
0.15264764028068242
0.15265183023644896
0.152656754514656
0.1514980890588904
0.15149885404103092
0.15149961899550182
0.15150030776526047
0.15034150568047558
0.1503423557193475
0.15034312072615755
0.15034388570119106
0.1503420469587682
0.15034187413663835
0.1503418741030011
0.15034196046497936
0.1526565818355462
0.15265554512403698
0.1526541628518403
0.1526527805826285
0.15497206708770062
0.16702408003831495
0.16701865564510265
0.16701366218840483
0.16816263697511885
0.15610157068151728
0.15609659239718748
0.1560917864077959
0.15608683134861007
0.16320742143493663
0.16792811665144985
0.17203811531130936
0.1787854637529503
0.18862863594963636
0.19742695808495397
0.204210515001871
0.23003931562690152
0.23603908116635972
0.26818676178836
0.28188551849233046
0.17632931978219973
0.17632931978219973
0.17632931978219973
0.17632931978219973
0.18095165346012923
0.21109543241055392
0.2217753193916404
0.23144903293688673
0.1748826407730238
0.1748826407730238
0.1748826407730238
0.18233865401550398
0.2315142963378525
0.26217502729433206
0.2780011515280779
0.2992824691749848
0.32280460427589713
0.3250555861174207
0.3393721900276588
0.3559438761736918
0.3567027155506934
0.33861728638070865
0.3225497520013894
0.3078665130341084
0.2812361384909548
0.2150925287249641
0.2147013020961768
0.2147013020961768
0.20490656938429705
0.20490656938429705
0.20490656938429705
0.20490656938429705
0.19627147993026448
0.19627147993026448
0.19627147993026448
0.19627147993026448
0.18926750531885833
0.18926750531885833
0.18926750531885833
0.18926750531885833
0.22076170511021231
0.18216063618211967
0.17213044289978674
0.1595646800962638
0.1560857503227222
0.1560857503227222
0.1560857503227222
0.1560857503227222
0.154926107064875
0.154926107064875
0.154926107064875
0.154926107064875
0.15376646380702783
0.15376646380702783
0.15376646380702783
0.15376646380702783
0.15260682054918062
0.15260682054918062
0.15260682054918062
0.15260682054918062
0.18041670758273512
0.15144978025312272
0.1604423145471725
0.15254091247837986
0.15028859232380437
0.15028939329195729
0.15029010416724647
0.15029079570410708
0.15029071070951006
0.15029182626511345
0.15029286745136558
0.1502938405835009
0.15260816984044231
0.152607288020238
0.1542411880560362
0.15677494566500744
0.15677584461091035
0.17367660581393557
0.17864754201274258
0.18392054409113032
0.1963754367095936
0.19136042374044612
0.22373866252298358
0.23198853366235772
0.21611360662364587
0.22276286437159257
0.22681637284248238
0.23068888652736522
0.23504342001762846
0.24234613951012599
0.2477133868009005
0.2500041441408239
0.25256487335963174
0.25532174845941175
0.2585582060832981
0.2625036287678981
0.15724539358056938
0.15724539358056938
0.18376350460615037
0.20968357309751154
0.2081070622473209
0.22499787645719196
0.2345299785119154
0.24372869133065886
0.15724539358056938
0.15724539358056938
0.15724539358056938
0.16153016292096023
0.16355329116919423
0.17434607261305715
0.16983621347624656
0.16814233090355318
0.17162126067709477
0.16058042486811808
0.15967314763725346
0.1603571123248623
0.2200793835891627
0.2154156823671947
0.20829151251748032
0.20779992740264897
0.2147013020961768
0.2147013020961768
0.2147013020961768
0.2147013020961768
0.20490656938429705
0.20490656938429705
0.20490656938429705
0.20490656938429705
0.19627147993026448
0.19627147993026448
0.19627147993026448
0.19627147993026448
0.18926750531885833
0.18926750531885833
0.18926750531885833
0.18926750531885833
0.1595646800962638
0.1595646800962638
0.1595646800962638
0.1595646800962638
0.1560857503227222
0.1560857503227222
0.1560857503227222
0.1560857503227222
0.154926107064875
0.154926107064875
0.154926107064875
0.154926107064875
0.1537699167187811
0.15377768311685738
0.15377946800875736
0.1537836327582128
0.1526237770247558
0.15262284209078467
0.1526219822234707
0.15262114219804118
0.15146285886361288
0.151463857553175
0.15146713368933687
0.15146773842278374
0.15030619455126187
0.1503064537206262
0.15030666969441492
0.15030701525510362
0.15030692885978122
0.15030806028398738
0.15030925022348973
0.150310312673372
0.1526260294131042
0.152625913043737
0.15262522196069075
0.15262530829374268
0.15494835282593747
0.16700576376522788
0.16700666122717467
0.16700750616177737
0.1836085122101552
0.15609823395853292
0.15609272848011305
0.15608701919574924
0.1577156491464507
0.16291584073073964
0.16791237265013226
0.17307789304480825
0.17767867092504017
0.18414718868577376
0.19130179479053294
0.2203149967771176
0.2054759602714903
0.21204607963137267
0.21927235523639002
0.22487986668229065
0.15724539358056938
0.15724539358056938
0.15724539358056938
0.15724539358056938
0.17416526666290022
0.17900313018776
0.213618152406049
0.21913822354962406
0.1748826407730238
0.1748826407730238
0.1748826407730238
0.1748826407730238
0.1793828930352851
0.19143947361611605
0.16814233090355318
0.16814233090355318
0.20168491391046886
0.20424597603899386
0.20680702172159535
0.21005071578210377
0.23835174307263032
0.3387961739421696
0.21328151801636183
0.25349899820719635
0.2147013020961768
0.2147013020961768
0.2147013020961768
0.2147013020961768
0.20490656938429705
0.20490656938429705
0.20490656938429705
0.20490656938429705
0.19627147993026448
0.19627147993026448
0.19627147993026448
0.19627147993026448
0.18926750531885833
0.18926750531885833
0.18926750531885833
0.18926750531885833
0.1595646800962638
0.1595646800962638
0.1595646800962638
0.1595646800962638
0.1560857503227222
0.1560857503227222
0.1560857503227222
0.1560857503227222
0.154926107064875
0.1549405344223693
0.15494757531683634
0.15495683274578637
0.15379851498958702
0.15379842858412252
0.1537980830061497
0.15379757192429783
0.1526396285703276
0.15264069101046032
0.15264175345591474
0.15264285840252995
0.15148559500479444
0.15148797486992835
0.1514902865591127
0.15149264958242578
0.15033819104119006
0.15034346075121488
0.15034890044338628
0.15045928008542095
0.15035267306077688
0.1503523001698272
0.15035180918086616
0.1503509452140444
0.15266470264985782
0.15266215218728135
0.15265986476436116
0.15265790244948502
0.15497795392509833
0.16703115311087863
0.16702808620191195
0.16702510569062845
0.16818042938003894
0.15612374297217396
0.15612280806280004
0.15612153316470886
0.16954065000973143
0.16953710686447265
0.1695337329904521
0.1695302923022919
0.1685525572807155
0.16854948312918464
0.1685455844440619
0.1685407829529875
0.17145922535739666
0.17449582898681623
0.18263348820696254
0.19040661568265402
0.17632931978219973
0.17632931978219973
0.17632931978219973
0.17632931978219973
0.17706706311600148
0.17706706311600148
0.17706706311600148
0.17706706311600148
0.1748826407730238
0.1748826407730238
0.1748826407730238
0.1748826407730238
0.1793828930352851
0.19143947361611605
0.19143947361611605
0.19143947361611605
0.20168491391046886
0.18962833332963788
0.21009489849086607
0.2152115397811731
0.798568073411002
0.23338313385418422
0.23338313385418422
0.23338313385418422
0.21981794338648383
0.2147013020961768
0.2147013020961768
0.2147013020961768
0.20490656938429705
0.20490656938429705
0.20490656938429705
0.20491626855280137
0.19628576155227626
0.19628867179680815
0.19628937135781652
0.19629037802215688
0.1892883503135424
0.1892891790229837
0.18928657620450165
0.1892901269061696
0.15959619286607102
0.1596057326385159
0.15961323198924526
0.15961806986870275
0.15614354678171538
0.15614159190805937
0.1561432868521557
0.15614363238612078
0.1549869633277639
0.15498832326854678
0.15498969096011858
0.15499107318270275
0.1538299549402676
0.1538278879999123
0.15382659208810082
0.1538254502585973
0.15266682702581552
0.15266733704225519
0.1526680170204562
0.1526685269840871
0.15150964865228014
0.151510243565862
0.15151084766678982
0.15151102040032435
0.15035374501178758
0.15035612865389064
0.15035841973240377
0.15036096958453854
0.15036165765507242
0.1503638593630207
0.15048693265350996
0.15036810913388296
0.15268535592221835
0.15268722593548545
0.15268858588117648
0.15269096582593644
0.15500906217122243
0.16706054301517478
0.16705510331517576
0.16704956656510414
0.1682044621533582
0.15614728661283803
0.15614609672080837
0.1561442372397934
0.16955772814860043
0.16954911133176145
0.1695410292921529
0.16953320989889017
0.16855686251295995
0.1685500851358729
0.16855420739114021
0.168553093704459
0.17146449517626683
0.17147154455448188
0.269991017910432
0.17146674164986453
0.17632931978219973
0.17633158277040756
0.17634785070462097
0.17632931978219973
0.17706706311600148
0.17706706311600148
0.17706706311600148
0.17706706311600148
0.1748826407730238
0.1748826407730238
0.1748826407730238
0.1748826407730238
0.1793828930352851
0.19143947361611605
0.19143947361611605
0.19143947361611605
0.20168491391046886
0.18962833332963788
0.18962833332963788
0.18962833332963788
0.20779992740264897
0.20779992740264897
0.20779992740264897
0.20779992740264897
0.2147013020961768
0.2147013020961768
0.2147013020961768
0.2147013020961768
0.20490656938429705
0.20490656938429705
0.2049110833265238
0.20490656938429705
0.19627147993026448
0.16307331194300553
0.16307663293418895
0.16307899900828576
0.1619220018289016
0.16191904146975925
0.1619203019198583
0.1619179183646746
0.15960390169854763
0.15960882597891204
0.1596138071128484
0.15961841545890976
0.1561390421531564
0.15613853545479256
0.15613732593505902
0.15613606732339652
0.15498182946067113
0.15498571702563052
0.15498934541577902
0.15499367791469384
0.15383802942932334
0.15384179690824706
0.15384533904693642
0.15384924889257257
0.15268892566579836
0.15268807574765839
0.15268733727086437
0.1526866460580336
0.15153047220995042
0.1515340867854477
0.1515377817617854
0.1515416915513439
0.15038308263480873
0.15038442822946624
0.15038550186151142
0.15038653842017735
0.15038498327457092
0.15038481041270654
0.15038446478704423
0.15038394639314004
0.15285030305440964
0.15269725488856073
0.15269555521017739
0.15269424856462432
0.15501025211826003
0.16718903411245215
0.16705331237231347
0.16704708136016486
0.1681985837827885
0.15613810709060993
0.1561337837755007
0.1561289890554269
0.1561317103615484
0.15613436732324168
0.15613742718828794
0.15614057203215795
0.15497606268680886
0.15497057903052186
0.15496459440323862
0.1549579638530267
0.15495391272714432
0.1549495444048988
0.15493002214147766
0.16252016701146724
0.17632931978219973
0.17632931978219973
0.17632931978219973
0.17632931978219973
0.17706706311600148
0.17706706311600148
0.17706706311600148
0.17706706311600148
0.1748826407730238
0.1748826407730238
0.1748826407730238
0.1748826407730238
0.1793828930352851
0.19143947361611605
0.19143947361611605
0.19143947361611605
0.20168491391046886
0.18962833332963788
0.21009489849086607
0.2152115397811731
0.798568073411002
0.23338313385418422
0.23338313385418422
0.212916568692956
0.2147013020961768
0.2147013020961768
0.2147013020961768
0.2147013020961768
0.20490656938429705
0.20491651141189698
0.20493011100727831
0.20494474690471004
0.19631196816196478
0.19631843959086015
0.1963211980673403
0.1963236667326012
0.18931614353132317
0.1893135724808739
0.1893101825430445
0.1893068996664474
0.17146054002334626
0.171467058049103
0.17147207274504517
0.17147706729297862
0.15539282464510637
0.15539479534154096
0.15539610761167313
0.15539697147416595
0.15500192254495967
0.1550029954379168
0.15500385925606594
0.15500481243102204
0.15384723977327744
0.15384873893543694
0.1538502688028365
0.15385129998949168
0.15269338448358033
0.15269470526214735
0.1526958954145635
0.152697013256115
0.15153744206627595
0.1515376121436407
0.15153754279721962
0.1515374420772962
0.15037830886549156
0.15037864888228764
0.1503786489009451
0.15037915887314954
0.1503788188896962
0.15050417485145876
0.1503803486144976
0.15038119850483064
0.15338226363932697
0.15348611668436987
0.15336968445950824
0.15338413378426757
0.17027290499658704
0.18218826315091527
0.182305507354251
0.18218571319356014
0.183775750899888
0.17161813056919917
0.1716147308259129
0.17161099102175986
0.19013444151758419
0.19515320222472413
0.7603257013915781
0.19515354770482282
0.17382312012615742
0.16860432345489093
0.16866059147423243
0.16859678977460418
0.17151938041453707
0.17151816334974432
0.17151776549872752
0.17151734057755455
0.17638639383725566
0.17638159161233358
0.17637756146519115
0.1763722060645468
0.17710688951574366
0.1771038234101714
0.1771006360937993
0.1770973212998607
0.17491281397555955
0.1749121002125624
0.17491141154961073
0.17491085908003867
0.17941077136806557
0.19146569454781606
0.19146323121541353
0.1914577475136762
0.20170255034773707
0.18964545980504505
0.18963115184640125
0.18964105444990179
0.20781169919859632
0.20781027553298417
0.2078098505595195
0.20781001358740583
0.21471434881543025
0.21471660118059427
0.2147178892234858
0.21471961849535082
0.20492593462191186
0.2049247157892929
0.20492492827428463
0.20492456704502582
0.1962936730329257
0.1962972333778481
0.1963009994558653
0.19630413582806872
0.18930505804066328
0.18930919530229984
0.18931297758222104
0.18931836102276806
0.1714717753860809
0.17147356349241644
0.1714789249190482
0.1714826122627772
0.15539836525256626
0.1554016366810439
0.1554039749244846
0.15540612913679774
0.14966923552016773
0.1496714229883733
0.14967414300126086
0.14967652286466845
0.14248324419538033
0.1424780828208346
0.14247179319540415
0.14247026334657875
0.13857515854450753
0.1385781599287537
0.13857985987169186
0.1385827609668049
0.13450112471108927
0.15153149510110878
0.15153081214114264
0.15153081210944241
0.1503732089149067
0.15037558906856383
0.15037422935304762
0.15038000908653237
0.15037949901329087
0.15038017889320224
0.15038068876792526
0.1503813686181675
0.15338148081204683
0.1533807895743866
0.1535028055142975
0.15337819770299874
0.17012681401335003
0.18218248320574348
0.18218201259718433
0.18218183971853721
0.1837386319450159
0.1716723236919107
0.17161019345774187
0.17160575425066024
0.16969482655544074
0.16957981670556663
0.16958083672738183
0.1695818566931228
0.16860325463144335
0.16859959468072497
0.1685954299840303
0.16858856816973897
0.1715113817407919
0.17150579469321017
0.17150632784422842
0.17150580946837482
0.1763758544468185
0.17637186743796116
0.17636797982034833
0.1763641354036035
0.1770949201459553
0.15727407543795663
0.15727086423453585
0.17708715706382136
0.1749038929926081
0.17488559966914888
0.17490592933498833
0.17489050278755403
0.17940738491730113
0.19146698918177416
0.19143947361611605
0.19145532639098123
0.20169262432426685
0.1896433653951742
0.1896425274609907
0.21009489849086607
0.23338313385418422
0.798568073411002
0.23338313385418422
0.23338313385418422
0.21982376553079885
0.21471963862718663
0.21472684303984396
0.21473203576360636
0.2049428154208902
0.2049463274487073
0.20495062888346985
0.2049547324442214
0.19632553196404645
0.1963325628204035
0.19633746713898317
0.19634378215686749
0.18933886439828154
0.1893382402868387
0.18933754106293685
0.18933618126973298
0.1714826123262035
0.17147905446972245
0.17147585793547995
0.17147300774853025
0.15538910989904398
0.1553910968587328
0.15539233046751572
0.15539412053979706
0.154998352584743
0.15499920253557747
0.1550000578278182
0.1550007489211867
0.15384278916229152
0.1538439792323064
0.153844999246943
0.15384618930348662
0.1526845729460579
0.15268425106581962
0.15268526392544196
0.15268688584747417
0.15152860257192194
0.15153047243338108
0.1515340423295925
0.15153892513781742
0.15038463798109633
0.15039088789338584
0.15039751758876627
0.15040450797278693
0.15040040731085313
0.1503977692884284
0.1503954776564152
0.1503934499052871
0.15270547938977144
0.15270288754449476
0.15283909151339525
0.15270014474454174
0.155023556190981
0.16707771776925576
0.16707550180951367
0.16707261212275495
0.18379023030724007
0.1715984279095597
0.17156496687788242
0.17158549233534376
0.1695547433008377
0.16956963379946355
0.16957474725547947
0.169575956680823
0.16860040364739548
0.1685989349617376
0.16859636475137332
0.16859267060968947
0.17150867110346055
0.1715021378282384
0.17149630640666624
0.1714909286665658
0.17635673674090352
0.17635168298295484
0.17634746194281747
0.17634184264942326
0.17708092890746005
0.17708501088968576
0.17708780185243686
0.17709095027947416
0.17490261455570558
0.1748975573702298
0.15726186133859923
0.15725839779803288
0.15610099837898062
0.1681595423688048
0.1681602648307948
0.1681623952799157
0.17164039634234396
0.15958745872623226
0.1595907270626727
0.15959413950786502
0.2078224323132351
0.20782562878163863
0.2078279901133325
0.2078306826578345
0.2147374248782228
0.21474328951346047
0.21472446316905286
0.2147551669635689
0.20496286615027418
0.20495343991624376
0.20496592005427866
0.20496734548481305
0.19630937462370215
0.19633154714322856
0.19632007492033599
0.19633018265731272
0.1893301038936985
0.18932929645615962
0.1893365317787151
0.18933759649637283
0.17148813672489605
0.15964576510948872
0.15964899787288012
0.15965055285301333
0.15617686471258205
0.1561799245595478
0.15618281454505986
0.1561857046193485
0.15502321111006867
0.15501960156969136
0.1550160318160079
0.1550131421754061
0.15385285544126798
0.15385281903429157
0.15385302830616115
0.15385281909818974
0.1526944217987506
0.1526950457265146
0.15269589579332188
0.15269649520861509
0.15153557245996319
0.15153489264253198
0.15153426026160424
0.1516408062605821
0.15037813890526164
0.1503818786357427
0.15038619298758416
0.15039122783019804
0.15039088782307658
0.1503920777003889
0.15056422185617935
0.15039431340767784
0.1527085891780137
0.1527064343981838
0.15270461538327598
0.15270254190957835
0.15500855195462024
0.16718287639459128
0.18224134190029848
0.18225115549555593
0.18372844100286032
0.1716656796683351
0.1716164999538406
0.17168095873610462
0.16958355894147348
0.16969264180358468
0.16963919689317322
0.16957404641295853
0.16857651848981828
0.16858748808648194
0.1633249542192825
0.15497362212036597
0.15496985011246428
0.154967881959881
0.15496526731326096
0.15496316882687078
0.15727701269996386
0.15727010141339728
0.15725840523042786
0.15725376052432538
0.15725612766488134
0.1572557523029319
0.157255210464273
0.15725442426564556
0.15725943212744584
0.15726496115320335
0.15727135945263
0.15727871152563042
0.15612052278141447
0.16817602346056576
0.16817539387982894
0.16817490037780686
0.20170940580293645
0.18965191937602757
0.18965055946619352
0.1896488080405518
0.20781611891512858
0.20781497149043893
0.20781450592280712
0.2078151754523147
0.2147221683259399
0.2147290336672631
0.2147358369628915
0.21474292447772814
0.20494723938427345
0.20494534303910708
0.20492767043931734
0.20493527374935708
0.19631241306937333
0.196318779664894
0.19632481205822455
0.19633057144139113
0.18932162932115146
0.1893233139288526
0.18932281620860889
0.1893183321645065
0.17147523531959544
0.15963148612349487
0.15963880392711494
0.15964450566508373
0.1561693852605967
0.1561712775834149
0.15617295511101756
0.15617456066597346
0.15501405338229216
0.15501450183228796
0.15501405350556172
0.15501365200046233
0.1538547559271471
0.15385492857232835
0.15385527402962934
0.1538555385099996
0.15269725531910258
0.15269827531282382
0.1526987852847294
0.15269997517007705
0.15166258375916794
0.15154883126732258
0.1517044018391248
0.1515579308068274
0.1504004071340642
0.15040261699222318
0.15040485315433716
0.15040720674273866
0.15040796344099844
0.15040969111373562
0.15059223726584492
0.15041435611693685
0.15271833364258808
0.152799738356256
0.1528333997056327
0.15269528500228624
0.15512085894543629
0.1670743120061937
0.16707346217354416
0.1670727823443489
0.18373819253086898
0.17161356291769128
0.1716096309922933
0.17166144171246434
0.16957893046095587
0.16958151676695643
0.1695846287377558
0.16972546474237138
0.16860843809120896
0.1686645261209385
0.16859863259877939
0.16864497052878338
0.7571396692175958
0.7622493339312838
0.762246547817265
0.19707214796238642
0.20194711907402185
0.18149296316189983
0.17638020413454056
0.1763831414130083
0.17711653005513986
0.1771114304362099
0.17710656486107276
0.17710220853483252
0.1749123958069569
0.17490708952884598
0.17490176464929605
0.17489356928737781
0.17940081925014267
0.19146115784988163
0.19146396556087827
0.19146718197299775
0.20171290470397457
0.1896575335901448
0.18966392653174188
0.18966989581748164
0.20783605021678705
0.2078331604226657
0.20783656024426725
0.2078366452218774
0.21474294960669293
0.21474587998786154
0.2147481301961064
0.214748860445421
0.20496026148247656
0.20496320752199784
0.20496693623766274
0.204971520490694
0.19634100574598926
0.19634586283376965
0.19635417993767904
0.1963600809646873
0.18935148028143128
0.18934568935672497
0.189341628916918
0.1893376548844311
0.17149034662816273
0.15964814501114338
0.1596518849236245
0.17149970205933499
0.15617559727754574
0.1561764610926477
0.15617697936211317
0.15617594260828055
0.15502708084056535
0.15503609050357456
0.15504532708406946
0.15505495949325
0.15389123656468717
0.15388715680578413
0.15388307731358591
0.15387933762223985
0.15271532836094787
0.1527113644347968
0.1527083045847069
0.1527054794671712
0.15164402236029442
0.15154825493257676
0.15154934101372686
0.15155036101021582
0.15039465907938732
0.15039921721517857
0.15040433492646074
0.15040992657350954
0.1505680076991157
0.1504153929352327
0.1504192759900899
0.15042318580862699
0.15273737273496463
0.1527357163732757
0.1527334700117993
0.152731252867576
0.15504325339031946
0.16708963974519264
0.16708162156125894
0.16713655954517942
0.18367709082721323
0.17161983033083547
0.17159710528362995
0.17161753551361703
0.16957898051783643
0.169593246036427
0.16959980067815644
0.1697256306177979
0.16865250508891175
0.16866732543077834
0.16861280625228983
0.16860642180033034
0.1715254150319009
0.17157286865713142
0.1715193804251792
0.17151693475603308
0.17638673376971184
0.17638353022614756
0.17637983262521245
0.17637572693125167
0.17711069064488905
0.1771077756132232
0.17710507522575475
0.1771016627640667
0.17491638371339302
0.17491469192392778
0.17491296408842394
0.17491094404951973
0.1794147713853841
0.19147368451741179
0.19147394368046947
0.19147670133645187
0.20171559705084605
0.18966453125022606
0.1896666910157524
0.18966760095008564
0.20783588024909339
0.20783596524549677
0.20780071572318978
0.20783565019358602
0.21473801987475089
0.214738912327536
0.21470383069457377
0.21473789239628865
0.20494933304611238
0.20494317471920442
0.20496519583652928
0.20497333802467746
0.19633892342346912
0.19633960350041083
0.16311911596136336
0.1963410058705189
0.1893424930713006
0.18931497735735742
0.1893501496772863
0.1893559350491311
0.17150632586195613
0.1714959565422771
0.17150700593792959
0.1715076858897477
0.15540686488200645
0.15541995406270795
0.15541927399845076
0.15615374632331763
0.1550218287510653
0.15502286530753748
0.15502303798276573
0.15502321068333816
0.1538620123215797
0.153860637882992
0.15385995792958446
0.1538597879668298
0.15270219626238551
0.1527034056916388
0.15270507450322354
0.15270617047562532
0.15154721824475129
0.15169137538186467
0.15154815106589292
0.15154849119685865
0.15039411789109688
0.1503997277415305
0.15040584750088987
0.15041247710347858
0.13896035757394035
0.1388546650662999
0.1388543250789846
0.13898065831417822
0.15354849780085392
0.15351511221984887
0.15354823365727308
0.15351472881140568
0.17013718085326832
0.16708221003312687
0.16707979106147808
0.16714486375516813
0.16829452559174224
0.15617188204894894
0.15624187478735693
0.1562274568470989
0.16958557173384584
0.16957957116255631
0.16963616402003032
0.16962451108022264
0.16859802458226275
0.16859395528411622
0.16858956154507246
0.16858500074739702
0.1715052478763252
0.17150318888495666
0.17150198235030606
0.17150106406421115
0.1763720834523777
0.17632931978219973
0.1763399243211642
0.17637199715679955
0.17710645758814475
0.17709781843289749
0.17709876872373956
0.17709691129894028
0.17490724679809738
0.1749022321122353
0.17489730241237628
0.17489211143084335
0.17938989261892277
0.1914421787466123
0.19143947361611605
0.19143947361611605
0.20168491391046886
0.18962833332963788
0.18962833332963788
0.18962833332963788
0.20779992740264897
0.20779992740264897
0.20779992740264897
0.20779992740264897
0.2147044283846231
0.21471027078980048
0.21471421071132435
0.2147189214490661
0.2049322132184178
0.2049353702386685
0.2049452279308749
0.20495431261523772
0.19632614256848477
0.19633107907135983
0.19633660760120614
0.196341562917927
0.16195765849486393
0.16196139694241055
0.1619643104426191
0.1619659866176033
0.1596467851288722
0.159645369487873
0.15964398716753034
0.1596431232080774
0.15616921510717577
0.1561717957967802
0.15617465485136953
0.1561768648876888
0.15501722170882307
0.15501595407309582
0.155014671878949
0.1550136521537721
0.1538592786560206
0.15386454840995498
0.15386996103133482
0.1538753170649187
0.15271901398215698
0.15272122381136852
0.1527241398901826
0.15272690425567037
0.1517613001082529
0.1515748632063567
0.1515787491161447
0.15178982129975
0.15041953956878729
0.15041642940451658
0.15053678019373593
0.150619860615853
0.1506042753913442
0.15061600227822272
0.1504129859635544
0.15041435588460328
0.15282090579931717
0.15271935337798337
0.15271476397233222
0.15271102434166056
0.15503082073201185
0.16719454948937554
0.16707737228146802
0.16707334512595312
0.16822477582475265
0.15616638255402254
0.15616350235939952
0.1561602194501535
0.16957837550426333
0.16957430284312225
0.16957031923625387
0.16956626003380235
0.16858829959095642
0.16858591047890545
0.15497928086463514
0.15497657676931798
0.15497156477869264
0.15496612362655166
0.15496093884381354
0.15495594775439034
0.1572728993194216
0.15727095579912614
0.15725387580133582
0.15724818513257713
0.17706706311600148
0.17707124380406425
0.17707512835924813
0.177073259407465
0.17488499641861696
0.1748826407730238
0.1748826407730238
0.1748826407730238
0.1793828930352851
0.19143947361611605
0.19143947361611605
0.19143947361611605
0.20168491391046886
0.18962833332963788
0.18962833332963788
0.18962833332963788
0.20779992740264897
0.20779992740264897
0.16420325312765252
0.16420325312765252
0.2147013020961768
0.2147013020961768
0.2147013020961768
0.16652253964334693
0.16420325312765252
0.16420325312765252
0.16420594205753725
0.16421951578213131
0.16306704411218426
0.16306993058097444
0.16307273812951514
0.16307229564305037
0.18929422902125917
0.1892964885928538
0.18929824547665422
0.18929989523611873
0.1714496578217545
0.17145390524471
0.17145732706086197
0.15961278731032588
0.15613691740477809
0.15613793732229167
0.15613896743976688
0.15614000408972448
0.15498526358650394
0.1549886634110729
0.154991937268875
0.15499496090335307
0.15383497202728033
0.15383462972059378
0.1538347147671852
0.153835144866959
0.15267800689873862
0.15268025603014035
0.15268301749969207
0.15268586572182025
0.15152707256892783
0.15152741264688283
0.1516213025786344
0.15152877249990482
0.15050626890062088
0.15037634423429674
0.15038000842077226
0.15047619557555814
0.15051515757721443
0.15038816786858536
0.1503910577780223
0.15039396797657237
0.15270473469136026
0.15286822376640663
0.15269691524030093
0.15269286635746965
0.17012318578486138
0.1822225396457694
0.18223070066651573
0.1821654843331549
0.1836548521774306
0.17159348193021814
0.17158820701370364
0.17158264162894174
0.1695476375151062
0.16954218498623072
0.1695382330802018
0.16953485454062783
0.1685514271930981
0.16854310750228688
0.16853688977886
0.176194330470549
0.18480215469484046
0.18914381413671236
0.20062799545787327
0.19967407847528829
0.17632931978219973
0.17632931978219973
0.17632931978219973
0.17632931978219973
0.17706706311600148
0.17706706311600148
0.17706706311600148
0.17706706311600148
0.1748826407730238
0.1748826407730238
0.1748826407730238
0.1748826407730238
0.1793828930352851
0.19143947361611605
0.19143947361611605
0.19143947361611605
0.20168491391046886
0.18962833332963788
0.18962833332963788
0.18962833332963788
0.20779992740264897
0.20779992740264897
0.16420325312765252
0.16420325312765252
0.16652253964334693
0.16652253964334693
0.16652253964334693
0.16652253964334693
0.16420325312765252
0.16420325312765252
0.16420325312765252
0.16420325312765252
0.16304360986980534
0.16304685945972316
0.196273386116607
0.19627848123646632
0.18927430739495693
0.18927343933038857
0.18927228776754712
0.18927105816647374
0.17142243051836567
0.17141521125201428
0.17142287849003046
0.17141818607822892
0.15610320138755074
0.1561067440883726
0.15610916643998063
0.15611097659321166
0.1549536879296808
0.15495449538678885
0.15495530733573615
0.15495608484538304
0.15379893187015037
0.15380106352906517
0.1538025016514226
0.15380464875065702
0.15264940303364008
0.15265356783113118
0.1526574776008639
0.15266159270212706
0.15150216907447797
0.15150233910785765
0.15150242413544854
0.15150242416224835
0.15034533083041554
0.15034740347417633
0.1503500904970399
0.15035264034353388
0.1503527596429063
0.15035417028965772
0.150355610659879
0.15035689015791878
0.15267040477841706
0.15266852702968206
0.1533506455263399
0.15334724573739927
0.15496316903075213
0.16704869070892145
0.16704177933251949
0.16703756884918738
0.16821372667403633
0.15616021963485288
0.15616207587820233
0.15616369087979123
0.15616343594977736
0.15616309614146953
0.15616241634099473
0.15616142967222002
0.15499496129824164
0.15498913143741744
0.15498632194568351
0.15498084391871775
0.15497461588900716
0.1549685252531793
0.15496303937383607
0.15495789907140053
0.15727133119635983
0.1572649407772272
0.1572578240891769
0.15725007671003932
0.15724539358056938
0.15724539358056938
0.15724539358056938
0.15724539358056938
0.15724539358056938
0.15724539358056938
0.15724539358056938
0.15724539358056938
0.1560857503227222
0.16814233090355318
0.16814233090355318
0.16814233090355318
0.20168491391046886
0.18962833332963788
0.18962833332963788
0.18962833332963788
0.21562613238547684
0.20779992740264897
0.20779992740264897
0.20779992740264897
0.2147013020961768
0.2147013020961768
0.2147013020961768
0.2147013020961768
0.20490656938429705
0.20490656938429705
0.20490656938429705
0.20490656938429705
0.19627147993026448
0.19627147993026448
0.19627147993026448
0.19627147993026448
0.18926750531885833
0.18926750531885833
0.1892691149105407
0.1892771871184842
0.17143708985220396
0.1714419493548624
0.15960156916045176
0.15960735735498874
0.15613378381440682
0.1561335246201405
0.15614000393371102
0.15614328677384964
0.15498908613143572
0.15499308297181486
0.15499682289311323
0.15500057640568518
0.15384058750764648
0.1538398993285404
0.1538390493582537
0.15383836941296591
0.15268034104494316
0.15268198082108717
0.1526835358195301
0.15268509082359466
0.15152469254276962
0.15152384285693454
0.15152285627586246
0.15152205800237328
0.15036217628319254
0.15036215973560613
0.15034635072449615
0.15035656091593733
0.13880553785932806
0.1388074381633857
0.13880910763501422
0.1388107225957308
0.17202427080486374
0.1533614398358326
0.15333249689305625
0.1526758471695301
0.1549989348427132
0.16705374331976086
0.16705235124354867
0.16705128228712293
0.16820919767273892
0.15625544989535745
0.1561554460616325
0.1561569760526999
0.15615187639348851
0.15614555997729115
0.15614080505446812
0.1561337407065603
0.15498122469505218
0.15498730337983843
0.15499452893103555
0.15500282243107968
0.15499937254142895
0.15511898705961016
0.15499155302297
0.15498781330164066
0.15729796309086835
0.15728884832655002
0.15727990683189672
0.15727097047403116
0.1572723907985231
0.15727354195208626
0.15727463696294547
0.15727582169097967
0.15726355058261104
0.15725268235643763
0.15724539358056938
0.15724539358056938
0.1560857503227222
0.16814233090355318
0.16814233090355318
0.16814233090355318
0.17162126067709477
0.1595646800962638
0.1595646800962638
0.18962833332963788
0.20779992740264897
0.20779992740264897
0.20779992740264897
0.20779992740264897
0.2147013020961768
0.2147013020961768
0.2147013020961768
0.2147013020961768
0.2049120912174862
0.20491978881936943
0.20492635295102604
0.20493240778560728
0.19629689336338446
0.19629423106617122
0.19629211241499211
0.19629082389929717
0.1892923757998134
0.1892959148436505
0.16192484913453636
0.1619338364734704
0.15961066233597604
0.15960921745414683
0.15960614794816635
0.15960502483675146
0.1561318175656757
0.1561367472833697
0.15614181827221243
0.15614660667855199
0.15499418339230173
0.15500005793869326
0.15500566227492696
0.1550125847467121
0.15385536854343781
0.15385842846723852
0.15386097824831144
0.15386356758968758
0.15270357866191217
0.15270271467354488
0.15270236905024515
0.15270185065749245
0.15154272570931243
0.1515430712430245
0.15154339137870482
0.1515432444117411
0.15038799804506295
0.15057476795894625
0.1505546198054217
0.15040159702481382
0.15053560469690394
0.15040193690312897
0.15038653818237063
0.15038153811946442
0.15357706755040118
0.15359569392352201
0.15340827149986205
0.15341050774026996
0.17015361057536613
0.18233263978053801
0.18219710207266157
0.18219082421462907
0.18367913046165232
0.17161663646799985
0.17161022577849325
0.17160278881260888
0.16960039499501373
0.16955892780165577
0.16955134351452866
0.16954316131703703
0.16856232575172184
0.1685550467204457
0.1685490387150371
0.16854343958765855
0.17146133964391327
0.17145715530843705
0.17692042400565658
0.18387453975571388
0.17632931978219973
0.17632931978219973
0.17632931978219973
0.17632931978219973
0.17706706311600148
0.17706706311600148
0.17706706311600148
0.17706706311600148
0.1748826407730238
0.1748826407730238
0.19534920593425195
0.200465847224559
0.7701510390436381
0.21702268006765127
0.21702268006765127
0.1965561149064231
0.20168491391046886
0.18962833332963788
0.18962833332963788
0.18962833332963788
0.20779992740264897
0.20779992740264897
0.20779992740264897
0.20779992740264897
0.2147013020961768
0.2147013020961768
0.2147013020961768
0.2147013020961768
0.20490656938429705
0.20490656938429705
0.20490656938429705
0.20490656938429705
0.19627389528566982
0.19628806618894065
0.19629612507865232
0.19630334215625034
0.18930139379749178
0.18930345183802919
0.18930491274686256
0.18930244300326496
0.17146068353569618
0.17146718565244984
0.17147309340040703
0.17147905435340227
0.15539533004488654
0.15539731700030943
0.1561602194166175
0.1561628111161672
0.1550085518862137
0.1550128018304012
0.1550170517850327
0.15502113761071754
0.15385927829444745
0.15385927828137821
0.1538584283447883
0.15385757844998113
0.15269895516935011
0.1527062648314843
0.15271170450182364
0.15271663421583506
0.15155852097894137
0.15167952276974037
0.15156141053508737
0.15156277032800408
0.15040312693340233
0.15040312718353632
0.1504026173789371
0.1504026172008511
0.13893554007014342
0.13895102744531188
0.13884072566884706
0.13883905742777788
0.15351970791334232
0.15338891024975376
0.153385663153947
0.15338217171345012
0.17013151218783557
0.1821889427336832
0.18218945267948788
0.18231127061739372
0.20413895449909292
0.19719508949746228
0.7623644328460332
0.19719024530511362
0.19515750937399723
0.17469907723534672
0.1695822815128479
0.16964294132091615
0.16869897072232615
0.1685993668488302
0.16859593973131912
0.16859442622669185
0.1714843838084145
0.17150790613901215
0.1715003981347579
0.1714987274614823
0.17637541984018473
0.17637234260219636
0.17635543443438115
0.17636485867614074
0.17710242096355255
0.17707610179773686
0.17710242097882983
0.17709332653127396
0.17489318050342123
0.17491019957044981
0.17490683030653573
0.17490269955070525
0.17940855122312635
0.1681761962456903
0.16817576427937853
0.16818321339223158
0.17165452127345945
0.1595901222860659
0.159586821237426
0.1595840164173612
0.16422101704697303
0.16421927869703698
0.16422339690448387
0.16422701071342405
0.16655033295897065
0.21472605685941795
0.21472851535166482
0.2147309558948951
0.20494423595738548
0.20495222196193574
0.2049604703664538
0.20496898392026575
0.19629746709526258
0.19633327116573843
0.19633250623739082
0.1963318900463674
0.1893173098738456
0.189333698637771
0.18933661155659465
0.18933941100098423
0.17147508038858061
0.17149071714826292
0.1714800046000921
0.17149175375357573
0.156168535162606
0.15616938511208564
0.15617041354949857
0.15617093185934441
0.15501586149793034
0.15501858145466452
0.15502131016042656
0.15502402121689574
0.15386573812448423
0.15386658820327265
0.15386794816114413
0.1538690969713416
0.15271085447269184
0.1527122179460522
0.15271325450521425
0.15271442414138542
0.1515600507477775
0.15156553345277327
0.1516723154702171
0.15180446656500057
0.15040890666127174
0.15040057727093725
0.15039310413300241
0.15038757498431998
0.15038688377778645
0.1503877476293786
0.15038833777793925
0.1503890178973927
0.1528678491288987
0.15270745449015627
0.15270847454377454
0.15270915454183123
0.1701386521351062
0.18228464774578956
0.1822803529447576
0.18223282626484472
0.1836587396581005
0.17171398563489976
0.1716058060079704
0.17159984212268087
0.16956800861415786
0.16956471303007317
0.16956120282809134
0.16955775356661876
0.16857883921363495
0.16857521414636434
0.16857226389335622
0.1685695332428818
0.1714865010342723
0.17148143588750434
0.17147794830538332
0.17147378019440926
0.17633669813328678
0.17632931978219973
0.17632931978219973
0.17632931978219973
0.17706706311600148
0.17706706311600148
0.17706706311600148
0.17706706311600148
0.1748826407730238
0.1748826407730238
0.1748826407730238
0.1748826407730238
0.1793828930352851
0.19143947361611605
0.19143947361611605
0.19143947361611605
0.20168491391046886
0.18962833332963788
0.18962833332963788
0.18962833332963788
0.20779992740264897
0.20779992740264897
0.20779992740264897
0.20779992740264897
0.2147013020961768
0.21470872726760576
0.21472018358719516
0.21472995823181537
0.20494580867750237
0.2049540845494952
0.20496364959915517
0.20497255659296398
0.19634250747503973
0.19634633849072844
0.1963519407916499
0.19635579775298592
0.18934487978133036
0.18934162890326248
0.18933992083074833
0.18933618624091086
0.17148933477853864
0.1714927903886086
0.17149595621897112
0.1714993561990316
0.15541217623220777
0.1554140041864958
0.15540210503855856
0.15617507890580293
0.15501756156976362
0.15501824158319535
0.15501871851891033
0.15501909143591486
0.15386304915698187
0.15386615915060323
0.15386913745290826
0.15387219756822246
0.15271498266785755
0.15271714414471105
0.15271901410943348
0.15272122390534343
0.1515614108878518
0.15156086875652627
0.15167146230327666
0.1515595407064513
0.1503994972041021
0.15039897869715319
0.1505463250793084
0.15039776902288488
0.15039632738122638
0.15053896154438717
0.15039564763344376
0.1503953504999723
0.1528744137638628
0.15270507473225092
0.15270513395804874
0.1527065160770031
0.15502861087212874
0.16708213177201148
0.16719326451329874
0.1671385041362662
0.1682238410169198
0.1561627928391559
0.15615813062713585
0.15615271498738487
0.16956503671283293
0.1695558271538561
0.16951991429638597
0.16954030989246976
0.16855806565477846
0.19313033232370766
0.16854379856026425
0.1685389906607534
0.17153898447436822
0.17657187167316576
0.22401935494045752
0.243012131566285
0.7670974657905528
0.20191252623373498
0.20191252623373498
0.18144596107250677
0.17706706311600148
0.1835999599491336
0.20028666322987113
0.21559661395614246
0.1748826407730238
0.1748826407730238
0.1748826407730238
0.17855432462293797
0.2185603669158012
0.237406263232078
0.2473385343436948
0.25371882766404746
0.2703096897128656
0.26219777628068397
0.2662246593336131
0.2694666246397455
0.2883996393774793
0.28109663424421727
0.2683580312474226
0.2622076211369456
0.2446950229750605
0.21744659908403308
0.2147013020961768
0.2147013020961768
0.20490656938429705
0.20490656938429705
0.20490656938429705
0.20490656938429705
0.16304360986980534
0.16304360986980534
0.1630590258286131
0.1630825849137818
0.1619273364031318
0.1619282678429837
0.16192909893971788
0.16192818150024407
0.1596167395349363
0.15962342619776348
0.15962964632060817
0.15963539584215153
0.15615893092894867
0.15615918586337088
0.1561594419805304
0.15615918577197666
0.15499841639169074
0.15499597275485022
0.1549933379766633
0.15499124601541886
0.15383505836283579
0.15383799562377137
0.15384084649706575
0.15384380908405068
0.15268578218742568
0.15268688577556672
0.1526882011765143
0.15268992891679292
0.151648250905238
0.1515356417785763
0.1516585967413441
0.151540841405663
0.15038119815856288
0.1503813681506353
0.1505017460615142
0.15038204836095184
0.1503815385785276
0.15038256450047474
0.1503837738606977
0.15038481045960944
0.15270048473704687
0.15270048473180348
0.15280384907528174
0.152698104974033
0.15501688163290675
0.16706752389578786
0.16706139003653142
0.16711481888477306
0.16820228632671735
0.15613882323453232
0.15613152584429815
0.15612376362387445
0.1561224680623594
0.15612178810292462
0.1561221139187896
0.15612298490100746
0.16856640870351314
0.16856270070934712
0.1685591086509559
0.16855612394978595
0.1714745466276148
0.1714700326895885
0.17146564245561977
0.17146140977656757
0.17632931978219973
0.17632931978219973
0.17632931978219973
0.17632931978219973
0.17706706311600148
0.17706706311600148
0.17706706311600148
0.17706706311600148
0.1748826407730238
0.1748826407730238
0.1748826407730238
0.1748826407730238
0.1793828930352851
0.19143947361611605
0.19143947361611605
0.19143947361611605
0.20168491391046886
0.18962833332963788
0.18962833332963788
0.18962833332963788
0.20779992740264897
0.20779992740264897
0.16420325312765252
0.16420325312765252
0.16652253964334693
0.16652253964334693
0.16652253964334693
0.16652253964334693
0.16420325312765252
0.16420325312765252
0.16420325312765252
0.16420325312765252
0.16304360986980534
0.16304360986980534
0.16304360986980534
0.16304360986980534
0.16188396661195817
0.16188768143002863
0.16189022966235928
0.18927012953183758
0.17141853731042278
0.17141521125201428
0.17141521125201428
0.17141521125201428
0.15532543960410258
0.15532543960410258
0.1553343702869629
0.15533413031865909
0.14959660612566028
0.14959832987047667
0.14959960413782358
0.14960070712578724
0.1424147789363882
0.14241637716916702
0.14241799133553107
0.14240596703572958
0.13852591536313344
0.13850840022939043
0.13851403657210812
0.13853872211984752
0.1514888247425794
0.15146808600916253
0.15148907971375006
0.1514903728525235
0.1503306431895247
0.1503307113927546
0.15033064326774562
0.15033054147480857
0.15033047055133347
0.150331221484865
0.15033258145279776
0.15033150730663858
0.15264999808857932
0.1526521761237286
0.15265288791476048
0.15265339787242083
0.15497189453014998
0.16702334663430346
0.16701774809638875
0.167011571791098
0.1681654920440425
0.15610519142134463
0.1561013044137255
0.15609584974754218
0.15608957775479623
0.1832135032042558
0.1926932300989679
0.20291844885492968
0.25301594767758195
0.2322104472812624
0.24787134420095905
0.2907255541830401
0.26441118130919705
0.3938742866708124
0.268255403696918
0.29165667560903336
0.15724539358056938
0.15724539358056938
0.19286992054715144
0.16393614823190517
0.21298109595442394
0.2252273385361448
0.2419874984754278
0.22330628486941456
0.15724539358056938
0.15724539358056938
0.15724539358056938
0.15724539358056938
0.1560857503227222
0.16814233090355318
0.16814233090355318
0.16814233090355318
0.17162126067709477
0.1645293525882964
0.2049444988029266
0.20848239264784066
0.22509365381151228
0.21481332138529913
0.20779992740264897
0.20779992740264897
0.2147013020961768
0.16652253964334693
0.2147013020961768
0.2147013020961768
0.20490656938429705
0.20490656938429705
0.20490656938429705
0.20490656938429705
0.16304360986980534
0.16304360986980534
0.16304360986980534
0.16304360986980534
0.16188396661195817
0.16188396661195817
0.16188396661195817
0.16188396661195817
0.1595646800962638
0.1595646800962638
0.1595646800962638
0.1595646800962638
0.1560860526926368
0.15609488728720397
0.15609696966569586
0.15610160314488014
0.1549453291462363
0.15494701582819356
0.1549484607456782
0.15494982149590042
0.15379446965295024
0.15379877417060545
0.1538031816152552
0.1538076863373447
0.15264315586913094
0.15263860865669895
0.15263507051983177
0.15263248902420815
0.15147629116420858
0.1514795740207941
0.15148298646136402
0.15148618995426574
0.15032739668918846
0.15032799167592184
0.15032867163980176
0.1503291815981039
0.15032770601841305
0.15032736042940842
0.15032705668846175
0.15032675570910362
0.15264159305128092
0.1526408587097477
0.15263964921877646
0.15263797115716543
0.15495962684947306
0.16701447959608762
0.1821225473175714
0.18211984799751574
0.18359606981972895
0.17154712073721293
0.1715413392753526
0.23005208725523657
0.17589000989651699
0.17503846242432852
0.20734119265974452
0.1695098511971166
0.2020305881006907
0.1972001180684038
0.21145601444259698
0.24983748786216395
0.22694355055716905
0.22944442169000268
0.2702871222080816
0.23586444681438984
0.23543837257589262
0.17632931978219973
0.17632931978219973
0.17632931978219973
0.15724539358056938
0.17706706311600148
0.17706706311600148
0.17706706311600148
0.1748826407730238
0.1748826407730238
0.1748826407730238
0.1748826407730238
0.1793828930352851
0.19143947361611605
0.19143947361611605
0.19143947361611605
0.20168491391046886
0.18962833332963788
0.18962833332963788
0.18962833332963788
0.20779992740264897
0.20779992740264897
0.20779992740264897
0.20779992740264897
0.2147013020961768
0.2147013020961768
0.2147013020961768
0.2147013020961768
0.20490656938429705
0.20490656938429705
0.16420325312765252
0.16420325312765252
0.16304360986980534
0.16304500292835253
0.16304580914615974
0.16304676530380172
0.1618919416025648
0.16189391710506776
0.1618953346748074
0.16189501594698458
0.15957923702554108
0.15958520636158052
0.15958886964820196
0.15959255841671827
0.15611651847569144
0.15611793106859229
0.15611915330746218
0.15612030681786654
0.15496195941467014
0.15496165703278406
0.15496154989822364
0.15496129493419994
0.15380335286657743
0.15380462652972837
0.15380581651740027
0.15380654943918323
0.15265220790860196
0.1526573076330231
0.15266254303160248
0.1526680169709508
0.1515099036042272
0.15151100857354013
0.1515123164468375
0.15151335307167862
0.13550651088988788
0.13550516993076014
0.13548866914753668
0.13549843628596417
0.13879380835678862
0.1387961032805887
0.13879831321314542
0.13880044045290083
0.15335625504647335
0.15335642720138493
0.153356084975581
0.15335557499117322
0.1702226027927979
0.1821603844993103
0.1821605545809417
0.18216127865271137
0.18365325385401227
0.17159779632297367
0.17159705682573903
0.1715953517296513
0.16956054164595358
0.1695533509770979
0.16954515970043982
0.16953800983947606
0.1685651717273407
0.1685676614200341
0.16856999397019978
0.16857290624211677
0.1714915285271554
0.1714863599760258
0.1714845236763819
0.17148153653405038
0.17634555863687207
0.17634199087412733
0.1763359233215392
0.17632931978219973
0.17706706311600148
0.17706706311600148
0.17706706311600148
0.17706706311600148
0.1748826407730238
0.1748826407730238
0.1748826407730238
0.1748826407730238
0.1793828930352851
0.19143947361611605
0.19143947361611605
0.19143947361611605
0.17162126067709477
0.1595646800962638
0.18962833332963788
0.18962833332963788
0.20779992740264897
0.20779992740264897
0.20779992740264897
0.20779992740264897
0.21470747367843757
0.2147169942941224
0.21472508131624035
0.214734725395648
0.20494600705410576
0.20495104138285097
0.2049560115987864
0.2049610660832467
0.19632704816364116
0.1963269199411656
0.19632315689598676
0.19632387815515007
0.18931909724546575
0.18931467496088691
0.18931246763170195
0.18930991785448084
0.159618652057378
0.15962536671764685
0.15962826430848198
0.15963760589772563
0.15615952857354992
0.15615748607694557
0.15615578622227055
0.15615357646652486
0.15499772568103046
0.15500005814584403
0.15500226273440149
0.15500447267931813
0.15384907909086384
0.15385332894843673
0.15385740884074445
0.1538616673910716
0.1526971860249374
0.152692665686483
0.1526882460675331
0.15268491856508867
0.15164248740535577
0.1516520172511664
0.15153047229118738
0.1516354260716848
0.15037014898135667
0.15036776919657116
0.1503653043885595
0.1503630095546
0.1503630400579513
0.15036494058907318
0.15036674929811455
0.150368619290896
0.1526800862469269
0.15267668645844554
0.15267303171734964
0.1526694619019756
0.15511275022343685
0.16704949366376148
0.16715723388241224
0.16717524046288135
0.1682078153970459
0.15615192591007251
0.17160267734452034
0.17160259092988514
0.16957107542568148
0.169550663429085
0.16956342058691934
0.16954063410075237
0.1685827798263995
0.16856559665781368
0.16857396792268445
0.1685477482205344
0.17149592184604542
0.19195020529579027
0.762233852228697
0.7622311054381657
0.2019256579464164
0.20192124095329705
0.18145968224161665
0.17634409268871074
0.17708188697157012
0.17706706311600148
0.17707278964699236
0.1770774624655074
0.17489163626324822
0.17489046030166297
0.17488957367082603
0.1748891853776136
0.17938831145844447
0.19144062516043536
0.19143947361611605
0.19143947361611605
0.20168491391046886
0.18962833332963788
0.18962833332963788
0.18962833332963788
0.20779992740264897
0.20779992740264897
0.20779992740264897
0.20779992740264897
0.2147013020961768
0.2147013020961768
0.2147013020961768
0.2147013020961768
0.20490720684596256
0.20491268901665785
0.20491283244616848
0.20491321071420626
0.1962818038523641
0.1962849353692756
0.19628717210811553
0.1962892922398851
0.18928696914976234
0.18928790410250734
0.18927670602020238
0.1892875641248908
0.17143810495218673
0.17143516764137826
0.15958720375092003
0.1595870337714599
0.15611093340076412
0.15611235884805139
0.1561135436663204
0.15611456360537432
0.15495730019762766
0.15495815822477702
0.15495902212465662
0.1549597225234002
0.15379969679262454
0.15380132266419755
0.15380214336756728
0.1538027048979256
0.1526446598644034
0.15264578293742045
0.1526470230674681
0.15264824510570374
0.15148865473332335
0.15148865473428508
0.15148821307496577
0.15148829945318698
0.1503321118263771
0.15033334618310282
0.15033445112695118
0.15033565387167755
0.15033470608776425
0.15031941233154889
0.15031440164597334
0.13875573284404044
0.1526238827749412
0.15262232773546403
0.15262059991436455
0.15263461380026824
0.15496290975578866
0.16702044052388945
0.16702113164486485
0.16702173637541548
0.16817813996588551
0.1561222130088502
0.15612246799275015
0.15612212801543152
0.15611677336042434
0.15610923009000366
0.15610441077979523
0.1560982662187115
0.1549384312879262
0.15493798667237738
0.16854332067186978
0.1685432654811503
0.17146292481677355
0.17146077452766248
0.1714585441189642
0.17339935463964973
0.17632931978219973
0.17632931978219973
0.17632931978219973
0.17632931978219973
0.17706706311600148
0.17706706311600148
0.17706706311600148
0.19753362827722967
0.200465847224559
0.7656507867813769
0.200465847224559
0.200465847224559
0.18449953432559213
0.19143947361611605
0.19143947361611605
0.19143947361611605
0.20168491391046886
0.18962833332963788
0.18962833332963788
0.18962833332963788
0.20779992740264897
0.20779992740264897
0.20779992740264897
0.20779992740264897
0.2147013020961768
0.2147013020961768
0.2147013020961768
0.2147013020961768
0.20490656938429705
0.20490656938429705
0.20490656938429705
0.20490656938429705
0.19627147993026448
0.19627147993026448
0.19627147993026448
0.19627147993026448
0.18926750531885833
0.16188396661195817
0.16188951723735745
0.16189129905277855
0.1595747662514535
0.15957662365829003
0.15957908669195417
0.15958079202424982
0.15610739127478152
0.15611103623635347
0.1561143085388856
0.1561179741882834
0.15496131141510522
0.15496273976171113
0.15496429189567784
0.15496576053574163
0.15380675127666732
0.15380700629273886
0.15380709131206058
0.15380734631439916
0.15264889305934273
0.15264906582475274
0.1526501025027701
0.15265079361684786
0.15149002726213504
0.15148899467324778
0.15148782427607074
0.15148686982080597
0.1503301248574458
0.15033323492231912
0.1503363210427567
0.15033938090133622
0.15033972086803626
0.15034126935100564
0.15034299714664093
0.1503445521616851
0.15266021023099569
0.1526605557779559
0.1526600272710836
0.15265900738833232
0.15497880569206152
0.16703283459878276
0.18214039137117333
0.18213782339463366
0.18361412473947736
0.1715697869378317
0.17156477482646584
0.1715587130308934
0.1695272474442828
0.1695241982577222
0.16952159532489505
0.1821987471629781
0.16853962015053026
0.1685346437727438
0.22146598716481616
0.19165181779896953
0.20162404371498446
0.26395507010042596
0.21059797830145027
0.21501936058049712
0.17632931978219973
0.17632931978219973
0.17632931978219973
0.17632931978219973
0.17706706311600148
0.17706706311600148
0.17801152214173163
0.1785522810318123
0.1748826407730238
0.1748826407730238
0.1748826407730238
0.15724539358056938
0.1560857503227222
0.16814233090355318
0.16814233090355318
0.16814233090355318
0.17162126067709477
0.1595646800962638
0.1595646800962638
0.1595646800962638
0.16420325312765252
0.16420325312765252
0.16420325312765252
0.16420325312765252
0.16652253964334693
0.16652253964334693
0.16652253964334693
0.16652253964334693
0.16420325312765252
0.16420325312765252
0.16420325312765252
0.16420325312765252
0.16304360986980534
0.1630497462348204
0.16305531500605508
0.16306278685172912
0.16191006005713865
0.18929070515781657
0.18929411383190306
0.18929761266808443
0.17144899670351746
0.17145015649385578
0.17145133404746216
0.1714522298718783
0.15536923991517393
0.15537218671768366
0.15537485531995382
0.15537737137881727
0.17005027332965014
0.1751937390769985
0.7403808384299365
0.17519976512775431
0.16801617074957167
0.14756251095552406
0.1424512792466094
0.142455253206173
0.13855946085828016
0.13855986709099324
0.13856039577213153
0.1385609907162278
0.15151058834011907
0.15151162500793627
0.15151248889636246
0.15151352557009717
0.15035297992805902
0.15035198178454295
0.150351636193561
0.15035162007919195
0.1504594848613123
0.150351117915206
0.15035146344746064
0.15046040103082375
0.15264999789214834
0.15264302836058377
0.15332498081011398
0.15332183209573017
0.17006534680448915
0.1821334411712721
0.18213607603051438
0.18213549082593522
0.18362984182121583
0.17157293598409631
0.17157104933930756
0.17156853132791217
0.1695369726326648
0.16953409482120954
0.16953178112396092
0.16952996728675881
0.16854952632305917
0.1685458354046078
0.16854144461575638
0.16853647675664202
0.17472797822836583
0.17953588424378492
0.18546147750298794
0.19110739787529274
0.17632931978219973
0.17632931978219973
0.17632931978219973
0.17632931978219973
0.17706706311600148
0.17706706311600148
0.17706706311600148
0.17706706311600148
0.1748826407730238
0.1748826407730238
0.1748826407730238
0.1748826407730238
0.1793828930352851
0.19143947361611605
0.19143947361611605
0.19143947361611605
0.20168491391046886
0.18962833332963788
0.18962833332963788
0.18962833332963788
0.20779992740264897
0.20779992740264897
0.20779992740264897
0.20779992740264897
0.2147013020961768
0.2147013020961768
0.2147013020961768
0.2147013020961768
0.20490656938429705
0.20490656938429705
0.20490913952526466
0.20491808218096805
0.19628826185762818
0.1962929481575623
0.16307505796577465
0.19629737872746286
0.18929708353257998
0.18927786268592375
0.18930013104728813
0.1892858220412947
0.17145511637128888
0.1714586116910262
0.171459833654613
0.15959944309959911
0.1561418471168453
0.15614193210911786
0.1561443970124945
0.1561452470330712
0.1549881362708734
0.15498908847141438
0.15499029590000526
0.1549909005725735
0.15383284485366314
0.15383530978439844
0.15383683978194382
0.15383836970197973
0.15268255122845437
0.15268630071411668
0.15268994566597205
0.1526937302024215
0.1516758709236334
0.15154566318090884
0.15155189076483105
0.1517223498297887
0.15039569555034307
0.15039258734161648
0.15038986757480763
0.15038748791047626
0.15048755342194256
0.150387920531374
0.15038850785383667
0.15038935792886043
0.15339161310927765
0.15339357571054607
0.15335804006013165
0.15349379064006471
0.17013458945216434
0.1821818396821509
0.18214776019534495
0.16705561313557976
0.16820301949950114
0.15614029949207706
0.15613361103306553
0.1561261838089368
0.15611969419947844
0.15611337388547034
0.15610647206145037
0.15610240939579723
0.1549367962212344
0.15493488278260883
0.1549313236237545
0.1549280334050706
0.16362155353813268
0.160805578864528
0.1668783531411772
0.17266184597480932
0.15724539358056938
0.15724539358056938
0.15724539358056938
0.15724539358056938
0.15724539358056938
0.15724539358056938
0.15724539358056938
0.15724539358056938
0.15724539358056938
0.15724539358056938
0.15724539358056938
0.15724539358056938
0.1560857503227222
0.16814233090355318
0.16814233090355318
0.16814233090355318
0.17162126067709477
0.1595646800962638
0.1595646800962638
0.1595646800962638
0.16420325312765252
0.16420325312765252
0.16420325312765252
0.16420325312765252
0.16652253964334693
0.16652253964334693
0.16652253964334693
0.1665239219029847
0.1642207154334719
0.2049279944094366
0.2049370057902339
0.20494643198877258
0.19631890874461178
0.19632558963727248
0.1963320977401296
0.19633837082943337
0.18933454485373544
0.18933499123099756
0.1893348212563836
0.18933499123438147
0.17148822181167592
0.1714913666397175
0.1714942578728722
0.17149408664016338
0.1554092447294434
0.15617041382534771
0.1561704137337395
0.15616972517520772
0.1550080420429404
0.15500872202945337
0.15500821208145532
0.15500804212555366
0.1538525094695109
0.15385613782064483
0.15385993896468217
0.153863357959914
0.15270592486332218
0.15270745489487503
0.15270898481228187
0.15271051463749882
0.1515513812230485
0.15155189106483305
0.1517087052991635
0.1515525744825731
0.1503939678344894
0.15039500446361276
0.1503954774291295
0.15054612556119806
0.1503934496084596
0.15039190757120116
0.1503906849699932
0.15038935771556733
0.15270269488625676
0.15286903860159515
0.15269997505541646
0.15269912508974062
0.17013287230646984
0.18218775295982978
0.18216820412463208
0.18218374031702766
0.18367403102738136
0.1716139084170068
0.17166282594655752
0.17160708341261457
0.16957438937361416
0.16956986608592275
0.169565325130216
0.16956086293084538
0.1685834158478656
0.16858096570927764
0.1685783167591097
0.16857433379530046
0.17149420631548526
0.17149349957276225
0.17149192716714368
0.1714871887094036
0.17635815378782776
0.17635307628871646
0.17634628690707596
0.17634026988652335
0.17707487251590587
0.15725541236271445
0.15725692682596756
0.15725438179795156
0.1572587410419339
0.15725952399057297
0.15726435647454537
0.1572674665557623
0.1561102854424175
0.16816808435095534
0.1681691985800353
0.1681705916927559
0.1716477395875006
0.1595918359567509
0.15959310282290096
0.15959655846202156
0.16423835600893524
0.16424178362823716
0.16424483305594734
0.16424729657099213
0.16656979678239936
0.16657319658109276
0.1665765773639351
0.16657986477116538
0.16426687424187397
0.1642720990445849
0.16427685879061205
0.2254352091800288
0.22191201159045543
0.7870826056447822
0.2219072991644307
0.22190635581879103
0.1944458528896637
0.18933169400211358
0.18933143478559517
0.1893310814816198
0.17147931360199734
0.1714772575188811
0.17147572763370972
0.1714743028991736
0.15539006024430932
0.15539040576492358
0.15615323627466257
0.15615590010774547
0.15499954265758276
0.15500158266879152
0.15500328270059
0.15500498264255555
0.15384525294813287
0.15384516925502925
0.15384594385574904
0.15384669907144535
0.1526870559041175
0.15268733736897797
0.15268768283061807
0.15268858566116283
0.15164357143978482
0.1515289423581272
0.15152877241195783
0.1515287724498939
0.1503708290798426
0.1503727158092396
0.150374443553924
0.1503759985289553
0.150374270656285
0.1503740587892185
0.15049908439333284
0.15037375249520316
0.15269011546288813
0.15269148386881257
0.15281075731524113
0.15267685623201452
0.15500736215903665
0.18217398378011243
0.18217068152183158
0.18223090931994837
0.18366003558943106
0.1716978413100533
0.17159739163039386
0.17159395200294025
0.16956380665514778
0.1695616279133979
0.16955939382073215
0.16955665570755085
0.16858037340551227
0.16857851597928927
0.16857630613080252
0.16857375450969853
0.17149269212108492
0.17148883362958273
0.17148457509563275
0.1714817160096903
0.17634751772492427
0.17634125258064776
0.17633558461602766
0.17633042716757757
0.17706706311600148
0.17706706311600148
0.17706706311600148
0.17706706311600148
0.1748826407730238
0.1748826407730238
0.1748826407730238
0.1748826407730238
0.1793828930352851
0.19143947361611605
0.19143947361611605
0.19143947361611605
0.20168491391046886
0.18962833332963788
0.18962833332963788
0.18962833332963788
0.20779992740264897
0.20779992740264897
0.20779992740264897
0.20779992740264897
0.2147013020961768
0.2147013020961768
0.2147013020961768
0.2147013020961768
0.20490656938429705
0.2049071076855432
0.20491703792934804
0.20492514352000543
0.19629406025609422
0.1962928037087143
0.1962977221274311
0.19629919991964379
0.18929605764882515
0.1893006664583359
0.18930306586294673
0.18930590623512505
0.17145874053253954
0.17146068354782457
0.17146402234733935
0.17146671816774114
0.15538179123578194
0.15538323613401048
0.15538401284988154
0.15538561596793585
0.15499159163787282
0.15499461299091982
0.15499682295826903
0.1550004900708411
0.15384473433417165
0.1538482289073721
0.15385164558948297
0.15385458281048006
0.1526896054592061
0.15268739565755704
0.15268416590317968
0.15268146257562865
0.1515218192597677
0.15161707251452397
0.15152078269434058
0.15152078266254906
0.15036360428663031
0.1504937238594094
0.1503691289858182
0.1503718517753768
0.15046422184128028
0.15036725912908455
0.15036572940779586
0.15036407681657032
0.15267852533230017
0.15267804628462506
0.15267736637884852
0.15267653836656353
0.17010970874268927
0.1821646478350325
0.18216318932621792
0.18216174443068833
0.18365657988150277
0.17160011140361542
0.1716000264334706
0.1715990915297162
0.16956556371760195
0.16955977980341702
0.16955358138408522
0.16954744069404404
0.16856887035225182
0.16856542675611064
0.16856235457904137
0.16855939844113726
0.1714765238186493
0.17147429577902767
0.17146912727928904
0.17146709367472357
0.17633820360614127
0.17633323399313508
0.17633199212104123
0.17632931978219973
0.17706706311600148
0.17706706311600148
0.17706706311600148
0.17706706311600148
0.1748826407730238
0.1748826407730238
0.1748826407730238
0.1748826407730238
0.1793828930352851
0.19143947361611605
0.19143947361611605
0.19143947361611605
0.20168491391046886
0.18962833332963788
0.18962833332963788
0.18962833332963788
0.20779992740264897
0.20779992740264897
0.20779992740264897
0.20779992740264897
0.2147013020961768
0.2147013020961768
0.2147013020961768
0.2147013020961768
0.20490656938429705
0.20490656938429705
0.20490656938429705
0.20490656938429705
0.19627147993026448
0.19627147993026448
0.19627147993026448
0.19627147993026448
0.18926750531885833
0.18926750531885833
0.18926750531885833
0.18926750531885833
0.15957500699131022
0.15957513448293104
0.15957725004213394
0.15957863230132255
0.15610321679248998
0.15610475642384064
0.1561063616037544
0.15610769372263825
0.15494969315860596
0.15495029662519244
0.15495085816090132
0.1549513505453189
0.1537929427294492
0.1537937634376802
0.15379451210902112
0.15379527706233798
0.15263602077733215
0.15263610715977763
0.1526357187983919
0.15263580482082387
0.15147832791180732
0.1514804527846129
0.15148259770078312
0.15148475746658993
0.1503257189327349
0.1503263236574729
0.1503268419918655
0.15032744671801168
0.15032697160311997
0.1503277365977091
0.15032892653885802
0.1503299521282995
0.15264566321848871
0.15264612860027482
0.15264642820070995
0.15264673335568318
0.154969389108403
0.16702605605668902
0.16702605603523135
0.16702553766890177
0.1836300886227309
0.1715717493986371
0.17156458358628673
0.1715687483394747
0.16953850926410285
0.16951675709512937
0.16953476949307253
0.1695326746855145
0.16855426033591572
0.16855023388499268
0.16854608797297688
0.16854195868324992
0.17146369375196077
0.17146270025217517
0.1714617733741895
0.17146090763375696
0.17632931978219973
0.17632931978219973
0.17632931978219973
0.17632931978219973
0.17706706311600148
0.17706706311600148
0.17706706311600148
0.17706706311600148
0.1748826407730238
0.1748826407730238
0.1748826407730238
0.1748826407730238
0.1793828930352851
0.19143947361611605
0.19143947361611605
0.19143947361611605
0.20168491391046886
0.1595646800962638
0.1595646800962638
0.1595646800962638
0.20779992740264897
0.20779992740264897
0.20779992740264897
0.20779992740264897
0.2147013020961768
0.2147013020961768
0.2147013020961768
0.2147013020961768
0.16420325312765252
0.16420325312765252
0.16420325312765252
0.16420325312765252
0.16304360986980534
0.16304360986980534
0.16304360986980534
0.16304360986980534
0.16188396661195817
0.16188396661195817
0.16188396661195817
0.16188396661195817
0.159565803182311
0.1595710122133071
0.1595719153624751
0.15957449700170684
0.15609890338613996
0.15610028564349698
0.1561015599113115
0.15610272618963608
0.154943428493668
0.1549423270038315
0.15494172485346225
0.14959632127471292
0.1537813878745666
0.15378333527126786
0.15378521069456255
0.15378720253826467
0.15262717680602722
0.1526266473269439
0.1526261356185901
0.15262577439409694
0.15146678809419356
0.15146791602597964
0.1514689478691496
0.15146987090602174
0.1503117235682226
0.15031332995808513
0.1503151360148152
0.15031702724008805
0.1503167774675023
0.1503177922054029
0.15031855716561482
0.15031958518467065
0.15263615036596184
0.15263750368310605
0.15263869890349255
0.1526398219782293
0.1549613799115921
0.16701702558016
0.1670157755120596
0.16701443643379735
0.16816825433639218
0.15611034248198172
0.15610916641081934
0.1561078577355358
0.1695283767228388
0.1695266949879895
0.1695251046555548
0.16952365642002906
0.16854553097258804
0.16854262803357445
0.16853993558363753
0.16853797523677658
0.17145766256348152
0.17573161909117818
0.20981281317764408
0.19700350146938542
0.17632931978219973
0.17632931978219973
0.17632931978219973
0.17632931978219973
0.17706706311600148
0.17706706311600148
0.17706706311600148
0.17706706311600148
0.1748826407730238
0.1748826407730238
0.1748826407730238
0.1748826407730238
0.1793828930352851
0.19143947361611605
0.19143947361611605
0.19143947361611605
0.20168491391046886
0.18962833332963788
0.18962833332963788
0.18962833332963788
0.20779992740264897
0.20779992740264897
0.20779992740264897
0.20779992740264897
0.2147013020961768
0.2147013020961768
0.2147013020961768
0.2147013020961768
0.20490656938429705
0.20490656938429705
0.20490656938429705
0.20490656938429705
0.19627147993026448
0.19627147993026448
0.19627147993026448
0.19627147993026448
0.18926750531885833
0.18926750531885833
0.18926750531885833
0.18926750531885833
0.17141521125201428
0.17141521125201428
0.17141521125201428
0.17141521125201428
0.1560857503227222
0.1560857503227222
0.15609174371787432
0.15609030817412717
0.1549358044850311
0.15493811544991085
0.15494006747395478
0.15494191666498855
0.1537875000736001
0.15379179227625167
0.15379575043762672
0.15380292659325856
0.15264405515389576
0.15264448709625902
0.15264506820383913
0.15264578296536394
0.1514864852585944
0.15148739235287903
0.15148805976084606
0.1514886547334826
0.15032952143845887
0.15032995206254965
0.15033055678740517
0.15033107512205843
0.15033122133382887
0.1503326302336146
0.15033358051682016
0.150335049148083
0.15264975692035815
0.1526493249531413
0.15264872292271095
0.15264811546294302
0.15497174920972795
0.16702821574461874
0.16702773485702302
0.1670272249421099
0.1836283037649283
0.17156934333231577
0.1715667236102312
0.17156416858786658
0.16953437317034406
0.16953277212710374
0.16953074236825694
0.16952855736851194
0.16854686993746093
0.16854041697814265
0.1692520054286486
0.17847132650187128
0.1855948040876052
0.19057396962265027
0.19637705640655295
0.2023141945985006
0.17632931978219973
0.17632931978219973
0.17632931978219973
0.17632931978219973
0.17706706311600148
0.17706706311600148
0.17706706311600148
0.17706706311600148
0.1748826407730238
0.1748826407730238
0.1748826407730238
0.1748826407730238
0.1793828930352851
0.19143947361611605
0.19143947361611605
0.16814233090355318
0.20168491391046886
0.18962833332963788
0.18962833332963788
0.18962833332963788
0.20779992740264897
0.20779992740264897
0.20779992740264897
0.20779992740264897
0.2147013020961768
0.2147013020961768
0.2147013020961768
0.2147013020961768
0.20490656938429705
0.20490656938429705
0.20490656938429705
0.20490656938429705
0.19627147993026448
0.19627147993026448
0.19627428476142325
0.19627833324681299
0.18927822967121277
0.18927982177637978
0.18928348770016823
0.18928633860759972
0.15958891283127435
0.15958924361024157
0.15958947438750004
0.15958964716267515
0.15611345864777565
0.156118276625938
0.15612367606369568
0.15612739777871298
0.15497242923604287
0.15497506412159945
0.15497829395773424
0.1549813537865997
0.15382149508895798
0.15382111557672018
0.153821063152593
0.15382106310895
0.15266444706869722
0.15266699693328709
0.1526697167813157
0.15267201165997207
0.15151110686573932
0.15151024348309738
0.1515101584478822
0.15151015841518956
0.15035180901582879
0.15035319124448912
0.15035501991736017
0.1503571654119725
0.15035630144195383
0.15048190622015803
0.15035722979536414
0.15035807983835114
0.15267316908540812
0.15267316902760875
0.152672436594977
0.15267126843047346
0.15499384794798082
0.16704864365269445
0.1670469627231552
0.16704532882075288
0.16819572063508173
0.15613602474570315
0.15613186002883775
0.15612714281852977
0.16954439889939443
0.1695397528513904
0.1716807024588985
0.16952876548101853
0.16854523857758083
0.2103821013965626
0.17647882119308927
0.18490270175451007
0.21870948367951426
0.19915323565145834
0.20384353055194443
0.22635312238045696
0.15724539358056938
0.15724539358056938
0.15724539358056938
0.15724539358056938
0.15724539358056938
0.15724539358056938
0.15724539358056938
0.15724539358056938
0.15724539358056938
0.1748826407730238
0.15724539358056938
0.15724539358056938
0.1560857503227222
0.16814233090355318
0.16814233090355318
0.16814233090355318
0.17162126067709477
0.1595646800962638
0.1595646800962638
0.1595646800962638
0.16420325312765252
0.16420325312765252
0.16420325312765252
0.20779992740264897
0.23516786725740496
0.8054694481045299
0.8054694481045299
0.24028450854771205
0.23048977583583227
0.2100232106746041
0.2049139502367934
0.20492403588515443
0.19629406863140278
0.19629404965055283
0.1962932867287304
0.1962924736695963
0.1892903839747614
0.18929145478818651
0.16188396661195817
0.16191295186690086
0.15959944301966875
0.15960517600865146
0.15961125728779
0.15961567702919646
0.15613870816174377
0.15613819213175775
0.15613888088948666
0.15613844890934228
0.15498424353604137
0.15498563066391077
0.15498679343086028
0.15498815336606223
0.15382641934977337
0.15382745600248993
0.15382849265969165
0.1538290199448293
0.1526702316182216
0.15267057715444898
0.15267057713128057
0.1526709226756032
0.15162004857883302
0.15151194323879028
0.15151214340974403
0.15151236828737846
0.15035620994064838
0.15035960980618687
0.15036390397575775
0.15050308640208404
0.15048409048703607
0.1503666682938665
0.15036632268627964
0.15036606922462928
0.15268301763169412
0.152685090955096
0.15280073493336133
0.1526901153666817
0.155012971834181
0.16706907900790072
0.16706821499248792
0.16719556411390563
0.18366825124260436
0.17160820639674718
0.1715876452954912
0.1715996536341821
0.15619513161302168
0.15613092499146575
0.15613527803320548
0.15612816836919227
0.15495952014422973
0.1549504585604356
0.15494238842526564
0.15493564242035512
0.15493216474641364
0.15493026472446564
0.15492820161685186
0.15822560994527332
0.15724539358056938
0.15724539358056938
0.15724539358056938
0.15724539358056938
0.15724539358056938
0.15724539358056938
0.15724539358056938
0.15724539358056938
0.15724539358056938
0.15724539358056938
0.15724539358056938
0.15724539358056938
0.1560857503227222
0.16814233090355318
0.16814233090355318
0.16814233090355318
0.17162126067709477
0.1595646800962638
0.1595646800962638
0.1595646800962638
0.16420325312765252
0.16420325312765252
0.16420325312765252
0.16420325312765252
0.16652253964334693
0.16652253964334693
0.16652253964334693
0.16652253964334693
0.16420325312765252
0.16420325312765252
0.20490656938429705
0.20490656938429705
0.19627147993026448
0.19627147993026448
0.19627147993026448
0.19627901715065382
0.18927562906014997
0.1892739011749411
0.1892726156293918
0.1892704210201103
0.17142737877966616
0.17143429259170864
0.1714411559365135
0.17144842300020974
0.15612393525335372
0.15612331805952231
0.15612697285421812
0.1561251879511437
0.15496579968840668
0.15496394645873063
0.1549614649546908
0.15495917010264182
0.15380015642368328
0.15380361205888976
0.15380568543125533
0.15380819627079226
0.15265053448847107
0.15265152783517613
0.15265424934233385
0.15265623631440794
0.15149630432585004
0.15149598836940092
0.15149564277515604
0.15149529718499674
0.15033599946921608
0.1503363210701327
0.1503365761376976
0.15033677712580543
0.15033660430618823
0.15033781375156652
0.1503389368077782
0.15034006081722998
0.15265577758454438
0.15265645761452482
0.1526562364119552
0.15265632276748436
0.17008698783336287
0.1821398535672324
0.18213737116118073
0.18213567889066665
0.1836316610164956
0.17157576656234347
0.17157624170181357
0.17157624169087637
0.16954542715430546
0.16954263147388457
0.16953945028080092
0.16953591596682108
0.16856109566276742
0.16856109565676547
0.1685596470362972
0.1685596270158729
0.17147644584482882
0.17956166393316514
0.17146618828993077
0.1714615686268377
0.17632931978219973
0.17632931978219973
0.17632931978219973
0.17632931978219973
0.17706706311600148
0.17706706311600148
0.17706706311600148
0.17706706311600148
0.1748826407730238
0.1748826407730238
0.1748826407730238
0.1748826407730238
0.1793828930352851
0.19143947361611605
0.19143947361611605
0.19143947361611605
0.20168491391046886
0.18962833332963788
0.18962833332963788
0.18962833332963788
0.20779992740264897
0.20779992740264897
0.20779992740264897
0.20779992740264897
0.2147013020961768
0.2147013020961768
0.2147013020961768
0.2147013020961768
0.20490656938429705
0.20490656938429705
0.20490656938429705
0.20490656938429705
0.19627147993026448
0.19627147993026448
0.19627147993026448
0.19627147993026448
0.18926916834874719
0.18927592432781998
0.18928061576454433
0.1892853925053452
0.17143556750467523
0.17143544001804037
0.17143667946441948
0.17143706822002192
0.15535200488525153
0.15611422357135538
0.1561148641368752
0.1561151664987777
0.15495962681114536
0.15496213214431379
0.1549639722141057
0.15496673456859753
0.15380715404409162
0.1538067513424429
0.15380577179962687
0.15380603095816162
0.15264846798324558
0.15265001611019968
0.15265161280004477
0.1526527177684816
0.15149434943198287
0.15149529718259325
0.15149616107186858
0.15149702496274006
0.15033759595286747
0.15033790008849623
0.15033810594564342
0.15033836096305161
0.15033746817072713
0.15033751102505002
0.15033810602941322
0.15033850491371428
0.15265322777079962
0.1526529727890333
0.1526528028073542
0.15265271782288684
0.15497531918122598
0.16703011653607455
0.16702812949910079
0.16702603510893213
0.183630173743018
0.1715732613569416
0.17157252700754896
0.17157146825362768
0.16953801517749584
0.16953259525392542
0.16952661710428765
0.1695205282508644
0.16854108101223617
0.16853659117929717
0.17010300906504613
0.15492768955883715
0.15492702711116413
0.15507557582662848
0.15549865451177733
0.15626427094998369
0.15724640289679914
0.15724731659376429
0.1572480071785617
0.15724733784243897
0.15724539358056938
0.15724539358056938
0.15724539358056938
0.15724539358056938
0.1748826407730238
0.1748826407730238
0.1748826407730238
0.1748826407730238
0.1793828930352851
0.19143947361611605
0.19143947361611605
0.19143947361611605
0.20168491391046886
0.18962833332963788
0.18962833332963788
0.18962833332963788
0.20779992740264897
0.20779992740264897
0.20779992740264897
0.20779992740264897
0.2147013020961768
0.2147013020961768
0.2147013020961768
0.2147013020961768
0.20490656938429705
0.20490656938429705
0.20490656938429705
0.20490656938429705
0.21673804509149264
0.2218546863817997
0.7870396259386175
0.2218546863817997
0.21485071177039355
0.21485071177039355
0.21485071177039355
0.21485071177039355
0.20795158545526396
0.17653185254232134
0.17141521125201428
0.17141521125201428
0.1560857503227222
0.1560857503227222
0.1560857503227222
0.1560857503227222
0.154926107064875
0.154926107064875
0.154926107064875
0.154926107064875
0.15376646380702783
0.15376646380702783
0.15376869918541528
0.15377027796004858
0.1526136839001821
0.15261571886739453
0.1526186993698826
0.15262109971379792
0.15146385082998293
0.15146608868065
0.1514681710572318
0.15147050841445656
0.15031345749964517
0.15031595678015328
0.15031847218747366
0.15032114024438156
0.150320276317835
0.1503209370410367
0.1503215722293765
0.15032222014708876
0.15263724873380438
0.15263665378351687
0.15263636639370468
0.15263546387029142
0.17006893212536509
0.18212438960303534
0.16701456605423215
0.16701253584419506
0.16816232328644615
0.15610129730487396
0.1560973014031511
0.15609297561327673
0.15608976211741799
0.15608638645635764
0.16348649262376266
0.17207001282363724
0.17797910533644662
0.18685136303692337
0.19632741063358627
0.20641149887575883
0.2129305835298577
0.2196486285706695
0.22657379790867568
0.23316237025387831
0.15724539358056938
0.15724539358056938
0.15724539358056938
0.15724539358056938
0.15724539358056938
0.16229049954376076
0.21087286673649114
0.22567655601901365
0.1748826407730238
0.1748826407730238
0.1748826407730238
0.1748826407730238
0.1793828930352851
0.19143947361611605
0.19143947361611605
0.19143947361611605
0.20168491391046886
0.18962833332963788
0.18962833332963788
0.18962833332963788
0.20779992740264897
0.20779992740264897
0.20779992740264897
0.20779992740264897
0.2147013020961768
0.2147013020961768
0.2147013020961768
0.2147013020961768
0.20490656938429705
0.20490656938429705
0.20490656938429705
0.20490656938429705
0.19627147993026448
0.19627147993026448
0.19627147993026448
0.19627147993026448
0.18926750531885833
0.18926750531885833
0.18926750531885833
0.18926750531885833
0.17141521125201428
0.17141521125201428
0.1595646800962638
0.1595646800962638
0.1560857503227222
0.1560857503227222
0.1560857503227222
0.1560857503227222
0.154926107064875
0.154926107064875
0.154926107064875
0.154926107064875
0.15376646380702783
0.15376646380702783
0.15376646380702783
0.15376646380702783
0.15260682054918062
0.15260682054918062
0.15260682054918062
0.15260682054918062
0.2109579863612081
0.15613769903666214
0.1922793078845323
0.18257307473792972
0.17401096093277155
0.1690879154654343
0.16454757114881902
0.16014293851008643
0.16052856265795032
0.15857773685910653
0.1567728102048143
0.15505379321700732
0.1633385855903712
0.16005124885805466
0.15728629579327566
0.15453918029197147
0.15492924954750703
0.16698628368237886
0.1669866940407273
0.1669870436338284
0.19752517857228913
0.19580617922754168
0.19183577216063408
0.18621364970780385
0.18139769408774153
0.1810005492084322
0.1814636148185264
0.18256310027847042
0.18452305940278463
0.18825439851816952
0.19175800609947127
0.19486502118508844
0.20049401306621323
0.20251952524169142
0.20606941772803722
0.20998620836347767
0.17632931978219973
0.17632931978219973
0.17632931978219973
0.17632931978219973
0.17706706311600148
0.18056742135987178
0.16267610855401504
0.169130524157987
0.15724539358056938
0.15724539358056938
0.15724539358056938
0.15724539358056938
0.1560857503227222
0.16814233090355318
0.16814233090355318
0.16814233090355318
0.17162126067709477
0.1595646800962638
0.18962833332963788
0.18962833332963788
0.20779992740264897
0.20779992740264897
0.20779992740264897
0.20779992740264897
0.2147013020961768
0.2147013020961768
0.2147013020961768
0.2147013020961768
0.20490656938429705
0.20490656938429705
0.20490656938429705
0.20490656938429705
0.16304360986980534
0.16304360986980534
0.16304360986980534
0.16304360986980534
0.16188396661195817
0.16189527093442774
0.16190267032539862
0.16190876090423306
0.15959107261887423
0.15959043353491156
0.15958941360615936
0.15958809619187045
0.15611283398306244
0.15611512334163172
0.15611719840903035
0.1561191837095152
0.1549606149682388
0.15496006251554012
0.1549594540764206
0.15495917005861012
0.1538033528572091
0.1538067513670322
0.1538102641645065
0.1538132959584099
0.15265571795713218
0.1526569674973568
0.15265815745557176
0.15265917738608978
0.15150315878776258
0.15150644162031962
0.1515097334235831
0.15151330322606588
0.15035238512118299
0.15035094523043335
0.1504653958093973
0.15034907028357714
0.15034805038458224
0.1503482670884998
0.15034852622002107
0.15034873030446455
0.1526656529544531
0.152667380743735
0.1526691216996982
0.15267090665655175
0.15499418338049048
0.16705068350837882
0.1670505135995501
0.16705024570231913
0.18365201736993478
0.17159297196871187
0.17159025215465104
0.17158712712314372
0.1900079439363214
0.19511512522349758
0.7602807077317519
0.19510106263280286
0.19412331759818938
0.17366497305783707
0.16854943061894692
0.16854730395349032
0.1714671582145634
0.17146413831183271
0.1714611704223507
0.1714578477319469
0.17632931978219973
0.17632931978219973
0.17632931978219973
0.17632931978219973
0.17706706311600148
0.17706706311600148
0.17706706311600148
0.17706706311600148
0.1748826407730238
0.1748826407730238
0.1748826407730238
0.1748826407730238
0.1793828930352851
0.19143947361611605
0.19143947361611605
0.19143947361611605
0.20168491391046886
0.18962833332963788
0.18962833332963788
0.18962833332963788
0.20779992740264897
0.20779992740264897
0.20779992740264897
0.20779992740264897
0.2147013020961768
0.2147013020961768
0.2147013020961768
0.2147013020961768
0.20490656938429705
0.2049143733982156
0.20493040705695678
0.20494025570393198
0.19631006763054962
0.1963108326211715
0.19631179612875538
0.19631232003062024
0.1893081329394653
0.1893071980151505
0.18930629508092003
0.18930525835858583
0.15960607265120844
0.15960250286668268
0.1595988910772312
0.15959332339537544
0.15611898334756452
0.15612229814635709
0.15612557670355243
0.15612808202962433
0.15497439974324626
0.1549782873213862
0.15498208850699483
0.15498606247404106
0.15383250471257315
0.15383717949709422
0.15384162415807862
0.15384594365912482
0.1526890648667032
0.152691310992101
0.15269385524978343
0.15269614916307708
0.1515384618353213
0.15167252401010747
0.1515418620368206
0.15154393534071356
0.15038411923438713
0.1504832740997339
0.15038636531148447
0.15038636528088598
0.15038619247548235
0.1505554178749356
0.15049560650861132
0.1503895275498859
0.15270323292803725
0.1527015050695696
0.15270014463913384
0.15269827484651943
0.15501699050648177
0.1670680420063582
0.16706258270862923
0.16705711364528913
0.1682081168888169
0.1561484765103861
0.15614527383813467
0.156141634402301
0.1561381052538674
0.156133740605446
0.15612893680613288
0.15612383842943678
0.1549610677205936
0.15495781263982888
0.1549544953352337
0.15495090941406925
0.1549471433211185
0.15494259606441838
0.15493899441082423
0.15493534012833612
0.15725276805867902
0.15725106698775115
0.15724983456252672
0.15724840027438386
0.15724903281246108
0.15724964332495375
0.15725051452304944
0.15725164070589026
0.15724949458498128
0.15724785843311948
0.15724600371911202
0.15724539358056938
0.1560857503227222
0.16814233090355318
0.16814233090355318
0.16814233090355318
0.17162126067709477
0.1906412738654554
0.1906412738654554
0.1906412738654554
0.20891176943207151
0.20891176943207151
0.20891176943207151
0.20891176943207151
0.21584663076270896
0.21585326129502327
0.21585870496058196
0.21586489050082625
0.2060158080134688
0.20601486023006507
0.20601491801890787
0.20600418948493662
0.19732488812219603
0.19732822008034112
0.1973299952621208
0.19733260855895454
0.19028602992615432
0.1902837392064923
0.19028610263956056
0.1902608591468088
0.17230943276314986
0.17233400987045835
0.172328567196212
0.1723340600593819
0.15615850101523174
0.15616173087585214
0.15613810734296055
0.15614074218637353
0.1549816939193175
0.1549862836813732
0.1549879835806321
0.15498830895713397
0.1538328124141765
0.15383523130203045
0.1538376501945213
0.1538400693062034
0.15268267195633575
0.15268405417136932
0.1526861275204429
0.1526880280922102
0.15167431973533427
0.1515279222256098
0.1516513367476663
0.1515270723819874
0.15036805063122932
0.15036882809010507
0.15036997893808457
0.1503709988795355
0.15037150881391578
0.1503733788776609
0.1503751349095078
0.15037694881009653
0.15281507798598476
0.1526924956666549
0.1526945944269611
0.15269373035378073
0.15501722174727817
0.16707227251411805
0.16719189322425165
0.1670663227259483
0.1682612964536787
0.1561807862451311
0.1561406570311671
0.15613438862687373
0.1561264409412216
0.15611967104133068
0.15611253866975297
0.15610614492354632
0.15493890194708712
0.15493241710728714
0.15492661512273945
0.16179168593681667
0.16124099796935892
0.164986869815288
0.16859636276734363
0.17206968828454675
0.15724539358056938
0.15724539358056938
0.15724539358056938
0.15724539358056938
0.15724539358056938
0.15724539358056938
0.15724539358056938
0.15724539358056938
0.15724539358056938
0.15724539358056938
0.15724539358056938
0.15724539358056938
0.1560857503227222
0.16814233090355318
0.16814233090355318
0.16814233090355318
0.17162126067709477
0.1595646800962638
0.1595646800962638
0.1595646800962638
0.16420325312765252
0.16420325312765252
0.16420325312765252
0.16420325312765252
0.16653148004289312
0.16653766202707093
0.16654340588608793
0.23632115831724868
0.23158879391526796
0.7967654122964818
0.23159412150056585
0.21114272084285812
0.19734100577707994
0.19734197198529937
0.1973425629645224
0.19734308402025175
0.1902987849136547
0.19030050927420272
0.19030157173538126
0.190303666051317
0.17234136959771362
0.17233746548253176
0.15961482709702335
0.15961516711279417
0.15614320692449238
0.15614501474933973
0.1561464833570783
0.15614907505333372
0.15499240311471393
0.15499452906964417
0.15499565208252183
0.15499694788804633
0.15383751951818145
0.15383785954186335
0.15383785957065257
0.15383887951143121
0.1526794062201343
0.1526794061977404
0.15267923619250676
0.1526792361827039
0.15152199208216527
0.15164268492030153
0.1515267324581255
0.1515291124057849
0.15036997912467623
0.15036997911982286
0.1503709016040078
0.15037133891981766
0.15037116888494353
0.15037219730925813
0.15037340673491498
0.15037444338832262
0.15267337136242098
0.15266784676107603
0.15416573180947982
0.15416937560546523
0.17102306139201195
0.18319143455483566
0.18307497679392742
0.18307239084925372
0.184561143753187
0.17249875299443684
0.17249285294610986
0.1724869538589638
0.17043661777149244
0.17041894157416757
0.1704231982570236
0.17041761911484843
0.16943490358593563
0.1694282408005441
0.17709980435860534
0.1830786136504539
0.19704020488219706
0.20218957392795742
0.20705639803054277
0.21335402339878454
0.17726201870755381
0.17726201870755381
0.17726201870755381
0.17726201870755381
0.17800515358825306
0.17800515358825306
0.17800515358825306
0.17800515358825306
0.1758047671355824
0.1758047671355824
0.1758047671355824
0.1758047671355824
0.18034638282430013
0.1924029634051311
0.16814233090355318
0.16814233090355318
0.20269785444628638
0.1906412738654554
0.1906412738654554
0.1906412738654554
0.20891176943207151
0.20891176943207151
0.20891176943207151
0.20891176943207151
0.21584663076270896
0.21584663076270896
0.21584663076270896
0.21584663076270896
0.20599726628812862
0.20599726628812862
0.20599780458832265
0.20600977660717773
0.19732054284894782
0.19731998935982836
0.1973197802218924
0.19731689691538
0.19027232757330667
0.190271950967383
0.1902716148490451
0.1902608591468088
0.17230599744660385
0.17231718852251307
0.17229504736339118
0.1723179109937799
0.15614620152120193
0.1561231005568328
0.1561468566334951
0.15614881151780519
0.15495090136388318
0.15497146247013951
0.15497659402285568
0.15498087912326314
0.15381899061184487
0.15381652577612884
0.1538142381693687
0.1538119919727848
0.15265280274930143
0.1526531427401356
0.15265347180101524
0.15265329899689073
0.1514963338449415
0.1514980041621688
0.15149970406308058
0.15150134452091318
0.1503422195879079
0.15034269562303523
0.1503432056482108
0.1503432906820056
0.15034303573434551
0.1503441406860912
0.15034516060388645
0.15034619370019112
0.15266116061773724
0.152661217266763
0.1541443933115731
0.15414319733130302
0.17099939033899061
0.18305666201582402
0.18305700755144064
0.1830587353476361
0.16819691380984933
0.1561368746754584
0.15613258244772266
0.15612812517629338
0.15612535789854398
0.15612203887734025
0.170427854577687
0.17042251271706982
0.16943982324250448
0.16943279722587604
0.1694276050932865
0.18384490260972608
0.23523587059624898
0.2552534555462194
0.8479004443090856
0.2705396734198549
0.20284522515908907
0.18237865999786088
0.17726201870755381
0.17726201870755381
0.17800515358825306
0.15724539358056938
0.16681495028273088
0.17694471017601787
0.15724539358056938
0.15724539358056938
0.15724539358056938
0.15724539358056938
0.1560857503227222
0.16814233090355318
0.1924029634051311
0.1924029634051311
0.20269785444628638
0.1906412738654554
0.1906412738654554
0.1906412738654554
0.16420325312765252
0.16420325312765252
0.16420325312765252
0.16420325312765252
0.16652253964334693
0.16652253964334693
0.16652253964334693
0.16652253964334693
0.16420325312765252
0.16420325312765252
0.16420325312765252
0.16420325312765252
0.19730754507139567
0.19730754507139567
0.19730754507139567
0.19730754507139567
0.1902680385210809
0.1902608591468088
0.1902608591468088
0.1902608591468088
0.1723061054394282
0.1723072441260069
0.17230843800764956
0.17230990665647014
0.1560937610885843
0.15611095130764563
0.15611341617063196
0.15611590088797714
0.15495968007985048
0.15496188997736107
0.15496411927975595
0.15496679738805
0.1538106097578452
0.15381372095331805
0.15381700265985918
0.15382019910693218
0.1526594327402861
0.1526584973462545
0.15265739244089152
0.15265637255779108
0.15149719784016116
0.15149757926829535
0.15149808926510147
0.15149859924283135
0.15034196055751078
0.1503449905705787
0.1504487355384921
0.1503506859685137
0.15034907025013552
0.15044736373054543
0.15034809419675177
0.15034757582515773
0.1541458618076687
0.1541458320795186
0.15414586188322688
0.15414491155578902
0.17099898151579543
0.18315203842474084
0.18305312005989824
0.18305242889350537
0.1845436496921704
0.1724826541268138
0.17247791977237267
0.1724729344552724
0.17042622315869463
0.1704224119347476
0.17041823639360326
0.1704132832633584
0.1549402870331412
0.15493738712416252
0.15493431078726194
0.1549299152145927
0.15492912650677734
0.15492664119175276
0.15863891680485379
0.18866100857507898
0.17726201870755381
0.17726201870755381
0.17726201870755381
0.17726201870755381
0.17800515358825306
0.17800515358825306
0.17800515358825306
0.17800515358825306
0.1758047671355824
0.1758047671355824
0.1758047671355824
0.1758047671355824
0.18034638282430013
0.1924029634051311
0.1924029634051311
0.1924029634051311
0.20269785444628638
0.1906412738654554
0.1595646800962638
0.1906412738654554
0.20891176943207151
0.20891176943207151
0.20891176943207151
0.20891176943207151
0.21585315411683256
0.21586392721518002
0.16652253964334693
0.16655625666978244
0.16424102277947047
0.20602130775779476
0.2060183674083735
0.20601504659373435
0.19733258700993164
0.19733674537434046
0.19734800271039973
0.19735655810974545
0.19031044782332587
0.19031001582710758
0.19030975661910485
0.19030923824195772
0.15962239157721034
0.15962541307492867
0.15962878229675678
0.1596318259266841
0.15615529514965154
0.15615589985553366
0.15615629594180633
0.15615685022502152
0.15499720692818805
0.15499608381299843
0.15499496070500746
0.15499384778679726
0.15383309962660496
0.15383142988184034
0.15382970203848415
0.15382808493844324
0.15267455113028122
0.15268059847703414
0.15268722554276606
0.15269419534052753
0.15153339589907955
0.15153235909509047
0.15153115217733487
0.1515311521196051
0.15037303894729265
0.15052676137522172
0.15037599874753826
0.1503775536906719
0.1503759985712249
0.15037592869932964
0.15037575894443905
0.15037548058233058
0.15429164303647017
0.1541743904981518
0.15417507041216866
0.1541755804715808
0.1710289360391238
0.18323398274834315
0.18308276024814513
0.18308174032746447
0.18457475341496135
0.17251579301206107
0.1726337342732411
0.17251140231182016
0.17046414008028066
0.17046028360589077
0.17045642748494155
0.1704524863049232
0.16947747027060042
0.1694759695959503
0.16947507450701477
0.1694744290825034
0.17242028042681287
0.17242169017153275
0.17242148991056308
0.17242555027030873
0.1773169634392441
0.17731635868282847
0.17731679062147887
0.17731696338918437
0.17805465562586914
0.17804899700846286
0.1780404555253649
0.17803698603817192
0.1758352631720021
0.17583267143661602
0.17583146195882363
0.17582960454915456
0.18037281846856945
0.19242926946012223
0.19243536002097633
0.19244274090164248
0.2027280275759335
0.19067043087031957
0.1906705970672928
0.19067110706409987
0.2089498679768034
0.20895299194003927
0.20895513782564307
0.2089534168924883
0.21589525840191695
0.21590040930233173
0.21590383227449333
0.2159076570581428
0.20606628218751208
0.2060739651496384
0.20608101470571422
0.20608872090045322
0.19740008812843632
0.1974000195792861
0.19740001958590064
0.19739963817988168
0.1903513971187375
0.19034823393798994
0.1619758870495285
0.16197474126450773
0.17238259237399337
0.1723804022315498
0.17236100357297093
0.1723782423217285
0.1561757700809427
0.15615748602078
0.15617686491585195
0.15617788490398346
0.1550178546565861
0.1550159539445065
0.15501416182703792
0.15501249845107218
0.15385475569360765
0.15385655843151855
0.15385808843518442
0.15385978832130875
0.15270099522396896
0.15270185139012346
0.1527025423200762
0.15270340607545116
0.15154815130566474
0.15168034075808856
0.15155741246954701
0.15172041240173678
0.1504026168435729
0.1504027871433217
0.15040261734541635
0.15050353913584802
0.15040261702055815
0.1504041620478931
0.15040554420985286
0.1505451282707437
0.15272224321074832
0.1527222431886131
0.15272241350697732
0.15272156378693807
0.15504119015084547
0.1672028469185239
0.16719369312647903
0.1670808279422962
0.16837546050501329
0.15624882327135178
0.15616836532297323
0.15616535432169865
0.15616065152217998
0.15615550027974287
0.1562055903131217
0.15614333435579658
0.16947519910762215
0.16946762540711643
0.1694604654450256
0.16946924444860323
0.17240929028380872
0.172405447298559
0.1724021414342902
0.1723990748350097
0.1772678975221442
0.17726238035088432
0.17726201870755381
0.17726201870755381
0.17800515358825306
0.17800515358825306
0.17800515358825306
0.17800515358825306
0.1758047671355824
0.1758047671355824
0.1758047671355824
0.1758047671355824
0.18034638282430013
0.1924029634051311
0.1924029634051311
0.1924029634051311
0.20269785444628638
0.19064159259637936
0.19065170699118658
0.19066062551224935
0.20893467555721992
0.20893561342343517
0.2089344039391536
0.20893535550261008
0.2158725511571638
0.2158752527689472
0.21587765387119642
0.21587825043062545
0.20602914462555316
0.20602742742147828
0.20603199552816828
0.20602991180774666
0.1630844826218973
0.16308640478870004
0.16308812433983316
0.1630889972047214
0.16193666535060053
0.1619423671337848
0.1619468628120918
0.16195394347340225
0.1596379455818342
0.15964018591772486
0.15964260482913975
0.15964467818046732
0.15616609394369185
0.15616454031161683
0.15616309542308246
0.1561616016238475
0.15500183732775014
0.15500005784614948
0.15499867555294566
0.15499716264629282
0.1538385393772115
0.15383887937079693
0.15383938933436608
0.15383972929118123
0.1526834859580794
0.1526863759837154
0.15268926584395967
0.15269200250741327
0.15153339582794295
0.15169002244086904
0.15153506206120923
0.15153591223033874
0.15037847894021072
0.15038068877232133
0.15038306877081517
0.15038544888467587
0.1503851568174314
0.15038619326144317
0.1503868841945469
0.15038816816278863
0.15279860272368118
0.15270864452905017
0.15271136433671514
0.15271308176094278
0.15502708096807621
0.16707482216189617
0.1670651327441453
0.1671214062580997
0.18455898596231549
0.1724961593841925
0.17247098007902667
0.17248454710906094
0.17043400279014914
0.1704087318471339
0.17042260440156065
0.15610627188781734
0.16075841915381817
0.15493156654660473
0.15492768964364848
0.1569505700440742
0.16120473016685397
0.16499069450146703
0.17103110898698856
0.18296677125891986
0.15724539358056938
0.15724539358056938
0.15724539358056938
0.15724539358056938
0.15724539358056938
0.15724539358056938
0.17800515358825306
0.17800515358825306
0.15724539358056938
0.15724539358056938
0.15724539358056938
0.15724539358056938
0.18034638282430013
0.1924029634051311
0.1924029634051311
0.20162721851460258
0.22075279423107966
0.20427144326070792
0.1906412738654554
0.1906412738654554
0.20891176943207151
0.20891176943207151
0.16420325312765252
0.20891176943207151
0.21584663076270896
0.21584663076270896
0.21584663076270896
0.21584663076270896
0.20599726628812862
0.20599726628812862
0.20599726628812862
0.20599726628812862
0.19730754507139567
0.19730754507139567
0.19730754507139567
0.19730754507139567
0.1902608591468088
0.1902608591468088
0.19026302120479144
0.19027013856690203
0.17230924151408789
0.17231018743604054
0.17231133211729938
0.17230882676800785
0.1561359641366447
0.15613838308448422
0.15613998131464682
0.1561412044396393
0.15496252734239338
0.15496758453048282
0.15497242923749607
0.15497759620498414
0.15381873558763212
0.15381924877786632
0.15381959432208686
0.15381985347729438
0.1526628019343331
0.1526650480857301
0.15266733675778987
0.1526695466520904
0.15151222976568282
0.15151432320310781
0.1515164631173243
0.15163575896604073
0.15035858973016744
0.15035841979719242
0.15035756991654378
0.15035768383687137
0.15035915241635825
0.15036217604602903
0.15036521940748132
0.15036827936941913
0.15416728713743866
0.15416810107269882
0.15416901509524572
0.15416878112147836
0.17115367287716227
0.18305562554695687
0.18318292720547039
0.18305259314499253
0.184548277744788
0.17248845321229844
0.17248228477331193
0.17246183892096095
0.17042507285513347
0.17041910892535836
0.1561726226616731
0.15609730402899247
0.16229926232951314
0.17477364846909577
0.18167012076529934
0.1915847826414006
0.19760786351222243
0.20267927349430048
0.2094328847786597
0.21641467239325143
0.15724539358056938
0.17726201870755381
0.17726201870755381
0.17726201870755381
0.1644768357282523
0.1880971474440867
0.20980097699263175
0.22394375344856798
0.15724539358056938
0.15724539358056938
0.15724539358056938
0.15724539358056938
0.1560857503227222
0.16814233090355318
0.16814233090355318
0.16814233090355318
0.17162126067709477
0.1595646800962638
0.1595646800962638
0.1595646800962638
0.16420325312765252
0.16420325312765252
0.16420325312765252
0.16420325312765252
0.16652253964334693
0.16652253964334693
0.16652253964334693
0.16652253964334693
0.20599726628812862
0.20599726628812862
0.20600297158051473
0.20601891822378218
0.19734256762210065
0.1973522094353374
0.1973608917312434
0.19736889716114894
0.1903202099427955
0.19031729573511622
0.1903142489234591
0.19031113881226894
0.17235421455579253
0.17236008347470835
0.15963909996947637
0.1596447118541622
0.1561688753511366
0.15616972524488407
0.15616853528423286
0.15617041366964038
0.15501318929997787
0.15501399173831942
0.15501399199851762
0.15501501211917765
0.15385130038461248
0.1538482291420469
0.1538447344723595
0.15384127871923486
0.15268076621026103
0.15267957632022133
0.15267889632547735
0.15267809340861913
0.15151594473673397
0.15151457820180486
0.15151440820729814
0.1515150881509078
0.1503567198713607
0.15035790990014364
0.15035909986360618
0.15036028977062352
0.15036011974081434
0.1503613121970761
0.15045830555180154
0.15036334944063406
0.1526796483627357
0.1527850016879171
0.15268180803762943
0.15268163521587477
0.17111605409108227
0.18306882117401266
0.203518950811598
0.20862574349048676
0.7752842872885672
0.19804954165074123
0.19804574325212357
0.17758698324531508
0.17042351634805808
0.17041834681719137
0.1704123483687206
0.17040776188694226
0.18137131517685587
0.19479913717311478
0.1811447223974579
0.1919539073314803
0.2034466296436427
0.2060498040919724
0.21533550995964715
0.22034435733445654
0.17726201870755381
0.17726201870755381
0.17726201870755381
0.17726201870755381
0.20444853363761908
0.2132852598391672
0.22353149556436278
0.23211806246557803
0.15724539358056938
0.15724539358056938
0.19627133229681057
0.20138797358711766
0.7711145288326531
0.21798616985666636
0.21798616985666636
0.19751960469543817
0.20269785444628638
0.1906412738654554
0.1906412738654554
0.1906412738654554
0.20891176943207151
0.20891176943207151
0.20891176943207151
0.20891176943207151
0.21584663076270896
0.21584663076270896
0.21584663076270896
0.21584663076270896
0.20599726628812862
0.20599726628812862
0.20599726628812862
0.20599726628812862
0.19730754507139567
0.19730754507139567
0.19730754507139567
0.1973140684200717
0.16191085783809087
0.1619238110393539
0.1619349504491452
0.16194558784558336
0.15962498113312784
0.15962385801727727
0.1596221365281347
0.15962031594851472
0.1561475414716959
0.15615230121023965
0.15615612604241322
0.15616125625411123
0.15500464237268138
0.15500600243836024
0.15500748780659124
0.15500872219524922
0.15385112728769035
0.153852336674891
0.1538538916423539
0.15385544662318457
0.1526925204595512
0.15268909539597705
0.1526861275424464
0.15268340077957324
0.1515245225224134
0.1516407436213169
0.15152537255090798
0.15152579337407912
0.15036286717606992
0.15047923297177773
0.1503584611423273
0.15035656050247762
0.1503569924287817
0.15046617568215118
0.1503604594234639
0.15047597540464563
0.1526804258692971
0.1526835707004467
0.15268638668646944
0.15268858543182787
0.15500923190366253
0.16706216743469657
0.18307054595939745
0.18306416154708335
0.18455397338426743
0.17249207956829837
0.1561338083520142
0.15612985624335404
0.15612480477049526
0.15612215646979233
0.15611845144263276
0.15611590842738624
0.15494507102217056
0.15878113935110968
0.17795143139819877
0.21157138320970603
0.22506571899956881
0.20567311519737064
0.20440709855921466
0.21236081290703027
0.17726201870755381
0.17726201870755381
0.17726201870755381
0.197728583868782
0.2035883600397883
0.7923072127387485
0.22408127267745148
0.241483466425742
0.18092140842588944
0.1758047671355824
0.1758047671355824
0.1758047671355824
0.18034638282430013
0.1924029634051311
0.1924029634051311
0.1924029634051311
0.20269785444628638
0.1906412738654554
0.1906412738654554
0.1906412738654554
0.20891176943207151
0.20891176943207151
0.20891176943207151
0.20891176943207151
0.21584663076270896
0.21584663076270896
0.21585146147651557
0.21586114089058955
0.20601834503521374
0.2060252721331584
0.2060288208712528
0.20603106908120336
0.19735017425076298
0.1973582726285702
0.19736629116865323
0.19737426607747982
0.19033242488001292
0.1903375746048241
0.19034092436927813
0.1903458682034324
0.17238403032273059
0.17238264798655278
0.1596580043248853
0.15965885425763313
0.15618354500743098
0.15618544555759353
0.15618717333438775
0.15618740394409833
0.1550306505710524
0.155031160490793
0.15503150409963146
0.15503167683971905
0.15387117714158755
0.1538698172679676
0.153868627443605
0.15386736860998476
0.15270949418205876
0.1527105141622515
0.15271204491583515
0.15271325431545332
0.15155378378283613
0.15155361095775435
0.15155361092454614
0.1515534381181191
0.15039327649863338
0.15039275814076103
0.15039207730200926
0.15039139739141605
0.1503868836253053
0.15038442806193514
0.13953505678036118
0.13953267690371635
0.15269487539367302
0.15269521557972324
0.15269528554440265
0.1528133175919226
0.171033659587826
0.1670807720676234
0.16705240565150672
0.1671336397081074
0.16823062290149857
0.15616496568912494
0.15615646626523982
0.15625858272895043
0.1561376539503577
0.156131760955339
0.15615561626455463
0.15615089428348025
0.1549835637345833
0.1549800936988115
0.1549772014394241
0.1549759836940544
0.1549780389855082
0.1549781664592706
0.154978251434013
0.15497778395192452
0.15725304311957627
0.15725035515702707
0.1572475715749407
0.15724539358056938
0.15724539358056938
0.15724539358056938
0.15724539358056938
0.15724539358056938
0.1758047671355824
0.15724539358056938
0.15724539358056938
0.15724539358056938
0.1560857503227222
0.1924029634051311
0.1924029634051311
0.1924029634051311
0.20269785444628638
0.1906412738654554
0.1906412738654554
0.1906412738654554
0.20891842156153284
0.2089210240983319
0.20892246974585188
0.20892509528863007
0.21586578649598948
0.21587232048555183
0.21587876359305444
0.21588347607853706
0.2060369631104475
0.20603432815448947
0.20603674643914954
0.20603766817172176
0.19736675415886004
0.19738929216116913
0.19741371996918383
0.19743877724599038
0.19038111584365291
0.19036988482640532
0.1903579627557641
0.19034897802696268
0.17238310198620083
0.17238143863903505
0.17237868227305378
0.17237528252310116
0.1562008871819088
0.1562069479391482
0.15621306765087148
0.15621646752634596
0.15044243931234663
0.15044022942710122
0.15043793663290086
0.1504355175794672
0.1432074196793489
0.14321082315707084
0.14321393314665548
0.1432171090478714
0.13929378784076743
0.13928748904135513
0.1392818794578491
0.13927633689714736
0.13516299069122226
0.1351554261894422
0.13515058154919302
0.135147946704335
0.15035111797911987
0.1503540000008405
0.15048429965089302
0.15036580441105582
0.1503645948876758
0.15036436938635683
0.15036442232989608
0.15036419958284
0.15277719919619276
0.15268440002546377
0.15417031086193422
0.15417281619971931
0.17099705785970312
0.18308616046160608
0.18308966380799452
0.18308140070459472
0.18463577082998942
0.1725084457238642
0.1724729873968564
0.1724893449705592
0.15613032825761008
0.15611568514453492
0.1561227833966981
0.15611947171429852
0.15494547683201124
0.1549360888552079
0.15492966310909967
0.1599324698380946
0.16349310632232375
0.1659477630268752
0.17155987380604026
0.17389645947638888
0.15724539358056938
0.15724539358056938
0.17726201870755381
0.17726201870755381
0.17800515358825306
0.17800515358825306
0.17800515358825306
0.17800515358825306
0.1758047671355824
0.1758047671355824
0.1758047671355824
0.1758047671355824
0.18034638282430013
0.1924029634051311
0.1924029634051311
0.1924029634051311
0.17162126067709477
0.1595646800962638
0.1906412738654554
0.1906412738654554
0.20891176943207151
0.20891176943207151
0.20891176943207151
0.20891176943207151
0.21584663076270896
0.21584663076270896
0.21585051927889695
0.21585610053493795
0.2060174147268493
0.20602625055481655
0.20603411219848086
0.20604159112212306
0.19735726326158934
0.19732860294003296
0.19736846935287938
0.16311288074811647
0.1619299268180273
0.16193407356858044
0.16192595408109628
0.16191864453001936
0.15960148289414353
0.15960326781029255
0.1596048088952244
0.15960632762797308
0.1561306276753348
0.15613207260700215
0.15613317918000214
0.1561345614080554
0.15039161240608123
0.15039526722162538
0.15498747345419825
0.15499141891999663
0.15383165494824344
0.15383143010241102
0.1538309980876096
0.15383088996472222
0.15267247796511235
0.15267316903740125
0.15267481641061287
0.15267651635007948
0.1515190830189015
0.15152130101765646
0.15164549943981215
0.1515267325044821
0.15036878924408228
0.15037048914297071
0.15037219750442007
0.1503735796774747
0.150373406823997
0.15037427067839176
0.15035909958396038
0.15047314696021494
0.15414940385925813
0.15414741684614122
0.154146120965506
0.15416089381059295
0.17102029678815395
0.18307601344202395
0.18307359448211508
0.1830713708919949
0.18456438399974098
0.17250596109729344
0.17250482235724404
0.17250360489545702
0.17045657557475405
0.17045265768083082
0.15613802210569708
0.15613425893568733
0.15497349257647625
0.15497242918244625
0.15497140927372433
0.16946608979312716
0.17240390501658215
0.17239775394109105
0.1723934642934986
0.15494873246256505
0.15725955347204082
0.1572511068240082
0.15724539358056938
0.15724539358056938
0.15724539358056938
0.17800515358825306
0.17800515358825306
0.17800515358825306
0.1758047671355824
0.1758047671355824
0.1758047671355824
0.1758047671355824
0.18034638282430013
0.1924029634051311
0.1924029634051311
0.1924029634051311
0.20269785444628638
0.1906412738654554
0.1906412738654554
0.1906412738654554
0.20891176943207151
0.20891176943207151
0.20891176943207151
0.20891176943207151
0.16653987149978283
0.1665489033480517
0.1665559340769874
0.16656393209790385
0.16425552365791446
0.16426475196804405
0.16427285556844706
0.16428029541954103
0.1631122043742012
0.16310531601642023
0.16309820902860722
0.16309259359299821
0.16193912818286682
0.16194400844464477
0.16195034751832926
0.16195604220177826
0.1596454252169401
0.1596531447318608
0.15966195654454662
0.15967076835824803
0.15621510734711186
0.15621246346051726
0.15621004443919898
0.15620762771090205
0.1504274800487363
0.1504205105797184
0.1504139198363564
0.15040844129900183
0.1431831780428016
0.1431897437077858
0.14319722031196752
0.15386777770776577
0.15270617049435523
0.1527035786542394
0.1527011646999117
0.15269912484085438
0.1516562646467692
0.15156735996909176
0.1515828295270458
0.1515999175625868
0.15044460517843045
0.1504514049581778
0.150457898038637
0.15046515447623007
0.13961038462039882
0.13960696209849766
0.13971854101285944
0.139597103062553
0.1544822482172081
0.15437656982551462
0.15422897012032522
0.15422385730900728
0.17122052977785593
0.18322985166422967
0.18323618883637743
0.18315364594964342
0.18482091518893698
0.17258242920838315
0.17257438233946207
0.17256718532028015
0.17051025020464694
0.1704954610751417
0.17048390165149735
0.17047217233873493
0.1694945212414841
0.15499338060313333
0.1550451329767317
0.15498747345299846
0.15498614904901448
0.15498492360835014
0.15498476683683193
0.15498036082580333
0.15729656053093916
0.15729506857393777
0.15729095085164224
0.1572830038493613
0.1572819414162326
0.15727709919190982
0.15727365438981136
0.15726962633547537
0.15726761975132555
0.15726627867988255
0.15726468743510508
0.1572628600535967
0.1560991841835417
0.1681541665213058
0.1681531730186473
0.16815304342988763
0.1716315875638849
0.15958129661673373
0.15959124544854592
0.15960208754933447
0.16425068194851813
0.164251891397327
0.16425197776266998
0.16425171856674944
0.16657528142220435
0.1665789761539773
0.1665827159744202
0.16658603718816842
0.16427158853546286
0.16427583865228165
0.16428014121720014
0.20607091477925082
0.19738140940233667
0.19736067553860473
0.197382435053039
0.19738322362596517
0.19031806055010642
0.19033826549999044
0.19033861103870517
0.19032384014425843
0.1723753909528971
0.17237504537255463
0.17234662274673052
0.17237228084317152
0.15618706427234738
0.15619504843171306
0.15619829517095643
0.15619915905666612
0.15042497765475968
0.15042376816423653
0.15042255867909887
0.15042170019955103
0.1431946703462845
0.14319943015949554
0.14320408457697095
0.14320771293775597
0.13928782891964953
0.1392844576487487
0.13928085938319043
0.1392777996759638
0.15153591214493847
0.15153523237162947
0.1515346056218317
0.15168186946818477
0.15050744600314908
0.15037813866547575
0.15049005745700803
0.1503822188239338
0.15038119829889304
0.15038136825991835
0.15038170820361194
0.15050653852521004
0.1528085848779311
0.1526996347200071
0.1527009946527166
0.15270150511108088
0.1550206210796496
0.16707244206603689
0.1830790206955818
0.18307200226014447
0.18456251434239293
0.1725485548577312
0.17249743606947082
0.1724933756566829
0.1704434193643767
0.17043819134271285
0.17043273565611095
0.17042768216017048
0.16944139660822
0.18567590964163774
0.20349896808375548
0.21290553116592437
0.2272204991145937
0.23510100744972565
0.2451248927431837
0.2631720205476115
0.15724539358056938
0.15724539358056938
0.15724539358056938
0.15724539358056938
0.15724539358056938
0.15724539358056938
0.15724539358056938
0.15724539358056938
0.15724539358056938
0.15724539358056938
0.15724539358056938
0.15724539358056938
0.1560857503227222
0.16814233090355318
0.16814233090355318
0.16814233090355318
0.17162126067709477
0.1595646800962638
0.1595646800962638
0.1595646800962638
0.16420325312765252
0.16420325312765252
0.16420325312765252
0.20891176943207151
0.21584663076270896
0.21584663076270896
0.21584663076270896
0.21584663076270896
0.20599726628812862
0.20600368816143558
0.20600988800963996
0.2060146370937658
0.1973314754180766
0.19733650769575922
0.1973411817471402
0.19734542760204904
0.1902988518561429
0.19029653876330502
0.19029809378875734
0.19029679790359819
0.172335674909072
0.19279229568040976
0.1979071520990708
0.7630798237117621
0.18172608192570402
0.18172474284796442
0.1612683426684508
0.15615331632436472
0.1503807457367098
0.15038065931445493
0.1503804865044624
0.15038031369780244
0.15379663699415547
0.15380965944220404
0.1538105233322889
0.15381095526780778
0.152656149894685
0.15266087726284347
0.15266608495131773
0.15267161394700382
0.1515097334513867
0.15151585315034885
0.15151801816318194
0.15151993290283047
0.15035994965218563
0.15035960967550047
0.1503594396981239
0.15035892975367757
0.15035587003140594
0.15046658813362876
0.1503550201608226
0.15045667446427957
0.1526721818058394
0.15267464675710296
0.15267818004665454
0.15268232672488713
0.15511079817412463
0.1670543060286567
0.18306219167242477
0.1830573531461489
0.18453082057899164
0.17249462937335733
0.15614180444168357
0.15611270439530922
0.1561397448340331
0.15612872365399114
0.15612302814761844
0.15614813653776158
0.15503593646445232
0.15498031301485413
0.16947270891562385
0.16946884777698568
0.1723956805107942
0.1724066929329116
0.17240539549400788
0.17240522481768392
0.1772665021873506
0.17726623657880064
0.15725323358831525
0.1572521320990129
0.15724666319158676
0.15724539358056938
0.15724539358056938
0.15724539358056938
0.15724539358056938
0.15724539358056938
0.15724539358056938
0.15724539358056938
0.1560857503227222
0.16814233090355318
0.16814233090355318
0.16814233090355318
0.17162126067709477
0.1595646800962638
0.1595646800962638
0.1595646800962638
0.164217504438037
0.20893327314021817
0.20894396494494732
0.20895350193012166
0.21589639211942183
0.21590400227145132
0.2159113003236235
0.21591824277055077
0.2060659015128823
0.20606170329872325
0.20605735142725212
0.20605300647567426
0.19736789146414552
0.19737177700285138
0.1973766580541326
0.19738140951782018
0.19032817510621397
0.19031822301642592
0.190310666213619
0.19030854719073814
0.17234604435177894
0.17234553440057548
0.17234680932946173
0.17234638434505178
0.15617246450853162
0.15617583989305922
0.15617889971826204
0.1561818811192601
0.15040890916069755
0.1504092912423208
0.15040946127130475
0.15040946130017224
0.14317523008348487
0.14317263829264976
0.14317039208128404
0.14316857783463874
0.1526737113988721
0.15267753621941652
0.15268146253608925
0.15268493074362346
0.151526392501659
0.15152707260288398
0.15152775264657517
0.15152843264391835
0.1503709992173649
0.15037340705418992
0.15037575889142762
0.15037830887968184
0.15037524917683323
0.15037340735874002
0.15037219771241642
0.1503709991388243
0.15282860047211538
0.15268681882181612
0.15268750988691895
0.15268790558707449
0.155126581378424
0.16706752372600295
0.1670668325465921
0.16706581244071123
0.18457152367312854
0.1929680792192455
0.1980786434542917
0.7632470944539925
0.1960284689634481
0.19602673550748614
0.17556943485851825
0.17045415352616092
0.16947349440110146
0.1694654420586648
0.16945599913900028
0.16944681919594246
0.17238444681025902
0.17238011612118115
0.17237537714740833
0.1738214350139056
0.17726201870755381
0.17726201870755381
0.17726201870755381
0.17726201870755381
0.17800515358825306
0.17800515358825306
0.17800515358825306
0.17800515358825306
0.1758047671355824
0.1758047671355824
0.1758047671355824
0.1758047671355824
0.18034638282430013
0.1924029634051311
0.1924029634051311
0.19240369773293017
0.20271217383804313
0.1906660300712174
0.19067432279401117
0.19068331863109445
0.20895565627682963
0.20895613685371991
0.20895924153452158
0.20896061107371708
0.2158987327204737
0.2159030249549307
0.21590714723221308
0.21591141065838532
0.20606470993381446
0.2060658167493032
0.20606659546043427
0.20606650222529738
0.1973764761324195
0.19737734942743373
0.19737734933612208
0.19737734926121442
0.1903311816219141
0.19032868501234232
0.19033239102203636
0.19033293470876797
0.1723683128501013
0.17236593302197376
0.17236519700600147
0.17236312357465447
0.156186209117676
0.15618706441334265
0.15615743226023976
0.15618758271181912
0.15041201905117146
0.15499410285317072
0.15500645088261203
0.15500766029713897
0.1538475488317313
0.1538475489190677
0.15384771897404978
0.15384853554376732
0.15269217506835964
0.1526958952104964
0.15270048500659839
0.1527059247593673
0.1515470457803662
0.15154747143376276
0.1515479096637286
0.1515483213336114
0.15038884814723266
0.15038986811251778
0.15039122798134844
0.1503931042249652
0.15053791146880854
0.1503929312102481
0.1503939678202447
0.15039465888602846
0.15271239032065187
0.15271510386853743
0.1542005690536436
0.15413359448614816
0.1711544263460689
0.1831854110505295
0.18310400907177127
0.18309826596187845
0.18462325177471073
0.17255988501454883
0.1725207074603697
0.17250142905349783
0.17045588858410282
0.1704431750795919
0.17043029363745602
0.170418111434827
0.169428681882144
0.17960668813084424
0.1843045680159559
0.18914132552960028
0.2006071578825248
0.20610437010901056
0.21535641106435138
0.19809731708285563
0.17726201870755381
0.17726201870755381
0.17726201870755381
0.17726201870755381
0.17964300990654486
0.18749096752130393
0.2419299749428425
0.2675248721075012
0.1758047671355824
0.1758047671355824
0.1758047671355824
0.1758047671355824
0.18034638282430013
0.1924029634051311
0.1924029634051311
0.1924029634051311
0.20269785444628638
0.1906412738654554
0.1595646800962638
0.1595646800962638
0.16420325312765252
0.16420325312765252
0.16420325312765252
0.16420325312765252
0.16652253964334693
0.16652253964334693
0.16652253964334693
0.16652253964334693
0.16420325312765252
0.16420325312765252
0.16420325312765252
0.16420325312765252
0.16304360986980534
0.1630493788976424
0.16304360986980534
0.16304360986980534
0.1902608591468088
0.1902608591468088
0.1902608591468088
0.1902608591468088
0.15956982577616996
0.1595774505791223
0.1595795609923356
0.15958333647692036
0.15610708897052877
0.1561075209210201
0.15610780650043438
0.15610795288750848
0.1549493956694554
0.15494982146875474
0.15495062809745638
0.15495177553940404
0.15379510710185162
0.1537976942592507
0.15379986680208418
0.15380270494117332
0.15264583318807143
0.15264828832898406
0.1526507072641408
0.15265314270750688
0.15149780250681205
0.15150199894783892
0.1515065280614378
0.15162185025985403
0.1503515351589833
0.15035198192967086
0.15035215466234023
0.15035250018515806
0.15045143121759577
0.15035442488798825
0.15035603988942928
0.15035759737639565
0.152791664996555
0.1526759334805711
0.15267740208889982
0.15267787616873024
0.15499733273692157
0.1670479130121123
0.18305564705121316
0.18304867084198936
0.1954270148300592
0.1724683872875447
0.1724604650386563
0.17245321308977085
0.2304898676199362
0.18673737799066148
0.19823709780180382
0.20746212649587664
0.23133529994087318
0.24280787804294632
0.25317555874709274
0.2621663182559683
0.2720874540590747
0.2796521372602262
0.2890757917516269
0.29831109417969937
0.17834298872833604
0.2261420508538
0.23853106949005154
0.25302485908887323
0.2817048781342782
0.2991089751018888
0.2852954252721214
0.29870734447983754
0.18064515467024997
0.24082151240721394
0.26759532583859863
0.3308326290257459
0.3567852926013969
0.3688164028030312
0.36532904045511533
0.36025813350157104
0.3757429063660752
0.3658502814900601
0.3679311177776287
0.37189433356801377
0.369223257233647
0.3578168311357112
0.3472996128020632
0.3372433987487949
0.34129492092038094
0.24069580035239171
0.2688820388851436
0.24347031798563176
0.2335698419498051
0.2302731499460854
0.2311886216712434
0.22974428961290613
0.21687832367432944
0.2140141139923981
0.2087089331087382
0.20542021215208306
0.20238088801241103
0.20595258063667285
0.20856176885216932
0.20732554547298357
0.27599438278285077
0.2600253705941362
0.2587537966924252
0.2342909873683137
0.20055646003074004
0.19336436646704325
0.1874581489063019
0.18175647998870173
0.17440004127639722
0.17144186173780154
0.16900932234466923
0.16686749537944345
0.15376646380702783
0.15376646380702783
0.15376646380702783
0.15376646380702783
0.15260682054918062
0.15260682054918062
0.15260682054918062
0.15260682054918062
0.15146007526020214
0.1514729650945589
0.15146502622269675
0.15147097588277791
0.15031001522082824
0.15030835781901178
0.15030687040280435
0.1503057229676735
0.15030926146530424
0.15031422895967989
0.15030377560166222
0.15030399157626934
0.15410083050626647
0.17967692569297533
0.1918181011942046
0.7549643155192317
0.19653952054359142
0.20859554981683737
0.208594189151985
0.20859268007701004
0.22516827697950836
0.22963205728535616
0.24349351421100318
0.25669414414829933
0.27065731716810726
0.24274750855527857
0.24030815340065595
0.24726791319748528
0.2688123346747566
0.28176625792033505
0.29698755552206196
0.31999342659809055
0.3247910070285022
0.3298415984727764
0.3382443667599571
0.34120951244909703
0.2121070852988902
0.22610341910832846
0.255082972340689
0.27825953385722163
0.30335513990339813
0.3142422738125174
0.2951440667077983
0.33055853804154767
0.18278672003329136
0.1758047671355824
0.17983093703749947
0.1758047671355824
0.18034638282430013
0.1924029634051311
0.1924029634051311
0.1924029634051311
0.20269785444628638
0.1906412738654554
0.1906412738654554
0.1595646800962638
0.16420325312765252
0.16420325312765252
0.16420325312765252
0.20891176943207151
0.21584663076270896
0.21584663076270896
0.16652253964334693
0.16652253964334693
0.16420325312765252
0.16420325312765252
0.16420757638424122
0.20600499927737978
0.19732484492085367
0.19733260784628512
0.19733882094197566
0.19734426284116835
0.16192768055034504
0.16192595402979532
0.16192382917496478
0.16192171956957627
0.1595986318282929
0.15959748809203214
0.15959655844718174
0.15959629926372812
0.1561219482111163
0.1561245929570319
0.15612714283355703
0.15612946429109878
0.1549811382566414
0.15499240313153095
0.15500455048414458
0.15501824164291644
0.15385944832260046
0.15385978826009258
0.15386029817196167
0.15386063808314926
0.1527028874998732
0.15270405471533632
0.15270530670972693
0.1527064347011762
0.15154687296193792
0.15154635446900178
0.1515467913562821
0.151547218462248
0.15038833805294238
0.15038901810907715
0.15038969810262995
0.1503903780481609
0.1503883381999685
0.15038782832523545
0.15052412322976788
0.15038653851771178
0.15269640526640277
0.15269181566155796
0.15268759657744052
0.15268405442331087
0.1550092320867867
0.16706598261949973
0.16706581259983075
0.16706530262495997
0.1682171456683732
0.1561597011257756
0.1562684359672733
0.1562158375375291
0.15615438542876575
0.1561510620112651
0.15614718866036104
0.15614295179909488
0.16947910382942966
0.16947558508357624
0.16947211487558347
0.1694684795071579
0.17240703996824006
0.17240209765644687
0.15495808622374238
0.15495455201030556
0.15727195889309664
0.15726992869106632
0.15726747939430205
0.15726452333348523
0.1572625422399862
0.157260814412562
0.15725831279479152
0.15725669789427002
0.1572570591234306
0.15725567413580818
0.17581269352927745
0.15725767533604715
0.15609877578530568
0.1924111921701168
0.16815520762359715
0.1681561103039282
0.1716332258600496
0.15958165781239592
0.15958694874624108
0.15959241168405763
0.16423895096867694
0.164244433144229
0.2089519295257224
0.20895628388464488
0.21587114430012225
0.21590408731837196
0.21591095667105475
0.21588910179306817
0.20607182201757454
0.20607498503207888
0.2060780114560762
0.20608107127723974
0.19738581551760578
0.1973806405920727
0.19737605094727048
0.19737205630786087
0.16195774488587858
0.16196250206498147
0.16196505200766012
0.16196845749071562
0.1596462753433729
0.15964105007858984
0.15964087721074785
0.15963863097202197
0.15616246566231393
0.15616384787407928
0.15616479549340426
0.15616350244519772
0.1550088920288788
0.15501025206702337
0.15501146148089193
0.15501284368591717
0.15385383848580664
0.15385389180566497
0.1538540086684492
0.15385417889617267
0.1526956311438592
0.15269640550377037
0.15269753168812142
0.15269844527191206
0.15154084185309652
0.15154238054621197
0.15154445381556114
0.1515464513524963
0.15038901811257113
0.15039105798347863
0.15054117071828926
0.15039535025819967
0.15052498612559465
0.15039734734449775
0.1504919010948545
0.15040074714827148
0.1527152741418535
0.15271459448169133
0.15271377334529476
0.15271290920699665
0.15503592066187086
0.16709050413647777
0.16723615184775353
0.1670848020223797
0.18463622465008403
0.17252430359242513
0.17249689643018268
0.1725131018032338
0.17045879886270282
0.17044065251025864
0.1704397154118943
0.17041175165255745
0.16944464198818873
0.17908902603655288
0.23128775280335
0.18156423876800803
0.19198469912374633
0.19985172565829976
0.21005945467139264
0.21726147940132598
0.15724539358056938
0.15724539358056938
0.15724539358056938
0.15724539358056938
0.15724539358056938
0.15724539358056938
0.15724539358056938
0.15724539358056938
0.15724539358056938
0.15724539358056938
0.15724539358056938
0.15724539358056938
0.1560857503227222
0.16814233090355318
0.16814233090355318
0.16814233090355318
0.17162126067709477
0.1595646800962638
0.1595646800962638
0.1906412738654554
0.20891176943207151
0.20891176943207151
0.20891176943207151
0.20891176943207151
0.21584663076270896
0.21584663076270896
0.21584663076270896
0.21584663076270896
0.20599726628812862
0.20600858353061433
0.2060160275676155
0.20602324635631353
0.19733805819943107
0.19734010701069896
0.1973434051537545
0.19734677020545813
0.16193225933812355
0.16193441908978615
0.19030491865153823
0.19030208162296947
0.15961504614264135
0.15961576196186297
0.15961392305881397
0.15961652690402114
0.15614371876733518
0.15614711653540836
0.15615123480104448
0.15615607266842962
0.15500126727826052
0.15500302726045345
0.15500783302188426
0.15501094305950364
0.15385233646164947
0.15385332848860964
0.15385434872403253
0.15385519886240745
0.15270254245874318
0.15270915468513102
0.15271629435248385
0.1527232763266197
0.15156124059518286
0.1515590307196296
0.15155672151004068
0.15155395684018674
0.1503986330283818
0.15051559655214733
0.15040761753563672
0.15041264611328548
0.15041043634862042
0.1505451084527895
0.1504103820578473
0.1504111162718393
0.15272604019310956
0.15272552177781434
0.1529285154792955
0.15286019043255078
0.15523056500330626
0.1671071197373942
0.16710609991241662
0.16710406022422095
0.18459859451110225
0.17252974630415402
0.17250514038564005
0.17250662518837745
0.17045548559022172
0.17044839494389083
0.17044040484541118
0.170431557035104
0.1694413579097972
0.16943166589120898
0.17619463773936958
0.18797514904359075
0.20462846573859694
0.21200976709403122
0.2189528107176403
0.23000471728407998
0.17726201870755381
0.17726201870755381
0.17726201870755381
0.17726201870755381
0.17800515358825306
0.15724539358056938
0.15724539358056938
0.21633602109759967
0.1758047671355824
0.1758047671355824
0.1758047671355824
0.1758047671355824
0.18034638282430013
0.1924029634051311
0.1924029634051311
0.1924029634051311
0.20269785444628638
0.1906412738654554
0.1906412738654554
0.1906412738654554
0.20891176943207151
0.20891176943207151
0.20891176943207151
0.20891176943207151
0.21584663076270896
0.21584663076270896
0.21584663076270896
0.21585393860149588
0.2060096436640908
0.20600674737867317
0.20600700689999102
0.20600833686963554
0.19732186670845075
0.19732679641723327
0.19733002623147558
0.19733297293782018
0.19028848276804602
0.19029052238342176
0.1902924351817689
0.19029434718018115
0.17233057530742843
0.17232260623556794
0.17233102938217373
0.17231995090306507
0.1561551862613738
0.15615782103513015
0.15613682810061055
0.1561351324595474
0.15497958337799853
0.15498169383100463
0.1549837337919347
0.15498560377516046
0.15383039362806894
0.15383462991225025
0.1538388796041538
0.15384335212904449
0.15268841571301517
0.15269321185614282
0.15269725516627475
0.15270219656586606
0.15154393545359887
0.15154543143121163
0.15154670014436983
0.1516461941762418
0.15050778891314612
0.1503891878119989
0.15038952789401452
0.150390037915273
0.15038952798508312
0.15055387445123342
0.150391567718755
0.15039275846421143
0.15270461526039594
0.1527013346158961
0.1526981048708886
0.15269487527473355
0.17113033709752054
0.18306340060921486
0.18302357421600257
0.18303575536760816
0.18457203372600234
0.17251652854609742
0.1724900396853569
0.1725158781712829
0.17046898494515902
0.17046499689729078
0.17051032646636638
0.17045558622924906
0.16947369251514163
0.16946543449684692
0.1694573331578138
0.16944952498470303
0.17238645278363457
0.17238467611099595
0.1902400000045414
0.19955988100714683
0.17726201870755381
0.17726201870755381
0.17726201870755381
0.17726201870755381
0.17800515358825306
0.17800515358825306
0.17800515358825306
0.17800515358825306
0.1758047671355824
0.1758047671355824
0.1758047671355824
0.1758047671355824
0.18034638282430013
0.1924029634051311
0.1924029634051311
0.16814233090355318
0.17162126067709477
0.1906412738654554
0.19065208947561657
0.19065857034826494
0.20893671547439294
0.20894092653366142
0.20894321757881956
0.2089448962257854
0.215885852432296
0.21589104064465878
0.21589529790932444
0.21589893113592917
0.2060533629465874
0.20605472285864165
0.20605562357939725
0.20605630533431094
0.1973650827204475
0.1973633017049659
0.19736262179189934
0.19736160191952815
0.19031597688819019
0.1903162759171747
0.1903154585194768
0.19031763579592315
0.17235871776389058
0.15963658578717613
0.1596284368447349
0.15964381442706146
0.1561736964903085
0.15617788464152502
0.1561825083920352
0.15618672414418583
0.1550260611300265
0.15502640126370265
0.15502538145894243
0.1550240750863817
0.1538671961709451
0.15387015761505052
0.15387289780435864
0.15387566220726742
0.15271748380121233
0.15271878357365232
0.15271969367190247
0.15272085690247342
0.15156415083347627
0.1515671899614815
0.15156957001920845
0.1515726297924978
0.15041487464398584
0.15041677510779444
0.15041884838960862
0.15042080609848582
0.15041954022677465
0.15041927634905344
0.15041927644975325
0.15054377913452854
0.15273502516216803
0.1528412769869931
0.15287135872587174
0.1527370981783125
0.15505552072215822
0.1671057598757497
0.18330671875561708
0.18323063324663
0.18475367460785347
0.17254299134100579
0.17267144748360458
0.17253994045622298
0.17060297255634807
0.17049325079659478
0.1705474622731383
0.17048688895266376
0.1695344916955719
0.16948966808479715
0.1694785938650086
0.16946794269597112
0.17240475500628596
0.17239910804341663
0.17239556327961938
0.17238930331694693
0.17727541367320204
0.17726742895990338
0.17726201870755381
0.17726201870755381
0.17800515358825306
0.17800515358825306
0.17800515358825306
0.17800515358825306
0.1758047671355824
0.1758047671355824
0.1758047671355824
0.1758047671355824
0.18034638282430013
0.1924029634051311
0.1924029634051311
0.1924072343976953
0.20270309225585953
0.1906504313393074
0.19065135638416664
0.19065315266451313
0.20892963960667993
0.20893790535782503
0.2089444150016765
0.20895090711481748
0.2158960352764179
0.21590656352524862
0.21591669406995448
0.2159272718392345
0.20607704164716614
0.20607475925154373
0.20607371917865053
0.20607224284143325
0.19738064068483938
0.19737812669726928
0.19737734912720586
0.19737596683010863
0.19032936497570643
0.19032868508228268
0.19032582535174125
0.190326390188147
0.1723654231846867
0.17236644316942132
0.17236729311726307
0.17236797304222493
0.1561659855938667
0.1561678555261731
0.15616972536012816
0.1561714253925135
0.15501705201420365
0.15501802770285006
0.15502368158459906
0.1550284414033333
0.1538711778633778
0.15387324357146698
0.15387531679297675
0.153877390052182
0.15272003357780006
0.1527220734432729
0.15272379406101277
0.1527258673661802
0.15156973962688586
0.15157313945688777
0.15177069715144983
0.15158027897890386
0.1506188267485136
0.1504216128925787
0.15042216595809457
0.15042250623591386
0.15042161337072846
0.1504218263273668
0.15042250649236139
0.15042299580850732
0.15273652300773113
0.15273537098885764
0.15273416126757708
0.15273364275317178
0.15505801899992613
0.16731408457218472
0.16725397661537778
0.18311644452363673
0.18460982508921842
0.17255220777528152
0.17255117105403947
0.1725499615599873
0.17050192014228588
0.17049665799162883
0.17049027224774543
0.17048356147506757
0.16950097750362628
0.16949169518350513
0.16948397050412706
0.16947654674188492
0.17241970550494523
0.17241540062429975
0.1724169305589024
0.17241512137700632
0.1773055480687263
0.15728986557761596
0.15728733865421102
0.1572848953516887
0.15728065387804424
0.15727540570159115
0.15727047799268198
0.157266624256455
0.15726565234747475
0.15726587736116807
0.1572663873286523
0.15726712098944717
0.15610700257370527
0.16816189852008423
0.16816005233275558
0.1681587986619999
0.20271724928404514
0.19067195701645762
0.19068523162051976
0.1906990420980236
0.20897505106113942
0.20897787780896845
0.20898019038936744
0.20898216188303975
0.1665983048858903
0.16659787284728916
0.16659837322074536
0.21591632670319597
0.20606787334449006
0.2060683442864486
0.2060686870537963
0.20606770191447307
0.197379195851814
0.1973784098262865
0.19738064073236244
0.1973799409502821
0.19033498279012467
0.19033567386871317
0.19033619217158687
0.19033650459223644
0.159646615337055
0.15964678531700532
0.15964502407218695
0.1596450853568583
0.15616938539588804
0.15617214160411746
0.1561736965589849
0.15617533492222202
0.15501909154173552
0.15502113745617316
0.1550230379598899
0.1550247011336645
0.15386488814740584
0.1538628767288874
0.15386369829188393
0.1538633951697947
0.15270582511743055
0.15270779462691983
0.15270932458172
0.15271136438941377
0.15165093032274726
0.15154475153325087
0.1515420350790532
0.15153982181010536
0.13621928808866926
0.1362199679714874
0.13631471299556278
0.13622238170046921
0.15038578807049283
0.15038646829952051
0.1503875753464211
0.15038861187905347
0.15270405486879693
0.1527044429139608
0.15270473494211656
0.1527051341154554
0.15502776118526648
0.2035488158273401
0.2087660949112108
0.7738264495278955
0.21014283852693347
0.1980859104109991
0.17762738171301068
0.17261084612457672
0.17046936735536442
0.17046962240098626
0.1704692824674454
0.17046868745900343
0.1694917681417512
0.169542774290421
0.1694862528659851
0.16948303975331422
0.17241872549402676
0.17244135996865143
0.17243299452933128
0.1724277815051706
0.17728301243009081
0.1772759720250177
0.17726724949590186
0.15724849340867397
0.17800515358825306
0.17800515358825306
0.17800515358825306
0.17800515358825306
0.1758047671355824
0.1758047671355824
0.1758047671355824
0.1758047671355824
0.18034638282430013
0.1924029634051311
0.1924029634051311
0.1924029634051311
0.20269785444628638
0.1906412738654554
0.1906412738654554
0.1906412738654554
0.20891176943207151
0.20891176943207151
0.20891176943207151
0.20891176943207151
0.21584663076270896
0.21584663076270896
0.21584663076270896
0.21584663076270896
0.20599726628812862
0.1642104957756524
0.16421174389371304
0.1642141997150171
0.16305763402073317
0.19731528248630506
0.19731561185216248
0.19730754507139567
0.1902608591468088
0.19027234918103053
0.1902608591468088
0.19026874242076305
0.1723096664846031
0.17229504736339118
0.17230444241768225
0.15958673628930756
0.15611006948995512
0.1561141730684125
0.1561175423170222
0.15612085322410096
0.15496567428081215
0.15496852517157186
0.15497157932708988
0.15497455420919232
0.1538127861145766
0.15380991868214813
0.1538076013813985
0.15380533991093442
0.1526490658912689
0.15265217595310568
0.15265543764689593
0.15265866749240942
0.15150039434525578
0.1515015173937447
0.1515026789534672
0.15150378390986285
0.15034386114287474
0.15034422560951208
0.1503444805932035
0.1503445655815371
0.1503445655743123
0.15034584808768642
0.15034705753132233
0.15034839029805536
0.1526652209813566
0.15266712155557677
0.15266903669452625
0.15277724426885636
0.17100267309302197
0.183053811019768
0.18304923228269585
0.18304493761726037
0.18453950285160514
0.17247985538112004
0.15610141058739174
0.15611857891044104
0.15611475610357195
0.1561104497074231
0.15610553283673523
0.1560995798916663
0.15493183505376568
0.15503600319808933
0.16555809501738608
0.17281046093103689
0.17656822220607488
0.18067816939687134
0.18974929202026358
0.19226169899518028
0.15724539358056938
0.15724539358056938
0.15724539358056938
0.15724539358056938
0.15724539358056938
0.15724539358056938
0.15724539358056938
0.15724539358056938
0.15724539358056938
0.15724539358056938
0.15724539358056938
0.15724539358056938
0.1560857503227222
0.16814233090355318
0.16814233090355318
0.16814233090355318
0.17162126067709477
0.1906412738654554
0.1906412738654554
0.1906412738654554
0.20891176943207151
0.20891176943207151
0.20891176943207151
0.20891176943207151
0.21584663076270896
0.21584663076270896
0.21584663076270896
0.21584663076270896
0.20599726628812862
0.20599726628812862
0.20599726628812862
0.20599726628812862
0.19730754507139567
0.19730754507139567
0.19730754507139567
0.19730754507139567
0.1902608591468088
0.1902608591468088
0.1902608591468088
0.1902608591468088
0.17229504736339118
0.17229504736339118
0.17229504736339118
0.17229504736339118
0.1560857503227222
0.1560857503227222
0.1560857503227222
0.1560857503227222
0.14794285386980977
0.14794285386980977
0.147944290122018
0.14794922847514647
0.15377176606178533
0.15377169586878844
0.15377105352260528
0.15376994859149276
0.1526136626275538
0.15261630197726175
0.1526190173007609
0.1526218221348991
0.15146303007752482
0.15146373003393165
0.15146447713008748
0.15146531944100505
0.1503062377225102
0.15030679926172713
0.1503079752783774
0.15030925021323163
0.15030878627935185
0.15030965018630824
0.15031056763501388
0.15031150759515557
0.1526276867772733
0.15262867751855141
0.15262971420786678
0.15263075089680803
0.1549547927952331
0.16701226583433612
0.167012794979075
0.16701266538316456
0.1681649395213188
0.15610732652275466
0.1561064040604924
0.1561050803485811
0.15609292143572834
0.16125351983894823
0.17859420393940906
0.1934275590719166
0.23649490559347278
0.22699422760358035
0.23668213199044114
0.2451871377234437
0.24801583570280697
0.2789806642259937
0.26899206214411997
0.295165477032875
0.17726201870755381
0.2184647416565782
0.22557502218929812
0.24202642602234758
0.2643262675420666
0.2763501058028106
0.28716204257719946
0.26627518056369764
0.1758047671355824
0.1758047671355824
0.2132543980069805
0.1758047671355824
0.18734106530864753
0.19515841856759555
0.18271016871649765
0.18830952151770508
0.1834831166773429
0.16510169780297806
0.1595646800962638
0.1595646800962638
0.16420325312765252
0.16420325312765252
0.16420325312765252
0.16420325312765252
0.16652253964334693
0.16652253964334693
0.16652253964334693
0.16652253964334693
0.16420325312765252
0.16420325312765252
0.20599726628812862
0.20599726628812862
0.19730754507139567
0.19730754507139567
0.16304360986980534
0.16304360986980534
0.16188396661195817
0.16188396661195817
0.16188396661195817
0.16188396661195817
0.1595646800962638
0.1595646800962638
0.1595646800962638
0.1595646800962638
0.1560857503227222
0.1560857503227222
0.1560857503227222
0.1560857503227222
0.154926107064875
0.154926107064875
0.154926107064875
0.154926107064875
0.1469619566878577
0.14696617188906055
0.1469664310619102
0.14696867723203724
0.14598692414721284
0.14598951648936334
0.14599212483453386
0.14599488934795857
0.14500883391740868
0.14500810932859928
0.14500771083272135
0.14500751436928097
0.14402372880212405
0.1440248086872865
0.1440265797011472
0.14402865705112985
0.14402921462365034
0.14403120161327312
0.1524406466409249
0.1440374649921777
0.14600120328616223
0.1459989084431998
0.1459965740005249
0.14599441421335876
0.14796898978190615
0.1600264748945532
0.16002690684306947
0.16002718525376075
0.16100583500292073
0.14894719899485712
0.14894501050444484
0.14894273188932153
0.1489411330720208
0.14893886588426836
0.16339405011468572
0.1489284886516779
0.1938732033648291
0.19891205327684988
0.20391146658624051
0.20866406119068892
0.21613696875868463
0.21951136412747388
0.2247342654461102
0.2316401921261803
0.19526792365818804
0.19526792365818804
0.19526792365818804
0.19526792365818804
0.1961575288962681
0.1961575288962681
0.2051543903372097
0.2184173014455698
0.1935234507969405
0.1935234507969405
0.1935234507969405
0.1935234507969405
0.19936335423426527
0.21141993481509627
0.21141993481509627
0.21141993481509627
0.22253449382142337
0.21047791324059237
0.21047791324059237
0.21047791324059237
0.23073690739730549
0.23073690739730549
0.23073690739730549
0.23073690739730549
0.23823232637633449
0.23823232637633449
0.23823232637633449
0.23823232637633449
0.22724796167481046
0.22724796167481046
0.22724796167481046
0.22724796167481046
0.2172486589012571
0.2172486589012571
0.2172486589012571
0.2172486589012571
0.20921623029847117
0.20921623029847117
0.20921623029847117
0.20921623029847117
0.2274405562816775
0.18851568320789164
0.15188310158169202
0.15188310158169202
0.14892791579778036
0.14892791579778036
0.14892791579778036
0.14892791579778036
0.14794285386980977
0.14794285386980977
0.14794285386980977
0.14794285386980977
0.14695779194183925
0.14695779194183925
0.14695779194183925
0.14695779194183925
0.14597273001386865
0.14597273001386865
0.14597273001386865
0.14597273001386865
0.14499056322245774
0.1449893361097214
0.14498821882999216
0.144988208031085
0.1440053791153492
0.1440074440680774
0.1440093986696975
0.14401128847743114
0.14401055415114236
0.14401120208457419
0.14401182842003699
0.14401249795093243
0.14598112325438206
0.1459844805525844
0.1459881990770026
0.14599234082137724
0.14796631244281366
0.16002620783475677
0.16002612935593197
0.16002574058651073
0.16100566222920723
0.14894867128526876
0.18991638003735756
0.18991292829594417
0.18746113679386806
0.19096958640145725
0.20044208768972166
0.2097194703081692
0.22346176390230726
0.23353427096741658
0.24284727408348852
0.25156037794579916
0.2638627783181274
0.2726182091917057
0.2819612840651873
0.29084665519773645
0.19526792365818804
0.2221290448347237
0.26242002626859867
0.28121888213541624
0.29256217732992434
0.270580891341269
0.2646851112854614
0.2662995754596763
0.1935234507969405
0.1935234507969405
0.1935234507969405
0.1935234507969405
0.19936335423426527
0.2188352539400456
0.21840223434342998
0.2187290392360554
0.2451769716072602
0.2634706827948778
0.2736167041982647
0.283151823583386
0.29649691865819744
0.26820735953988034
0.2598022661271882
0.2563409439369849
0.25579471947564547
0.2511596563842244
0.23823232637633449
0.23823232637633449
0.22724796167481046
0.22724796167481046
0.22724796167481046
0.22724796167481046
0.2172486589012571
0.2172486589012571
0.2172486589012571
0.2172486589012571
0.20921623029847117
0.20921623029847117
0.1538532254376331
0.1538532254376331
0.2254785544084822
0.15188310158169202
0.1988262991515179
0.18487332164374967
0.16805467595685153
0.16565125537405076
0.16321418073214694
0.16170300266154491
0.15459109278760563
0.15148058000469147
0.14853209905393594
0.14794285386980977
0.14695779194183925
0.14695779194183925
0.14695779194183925
0.14695779194183925
0.14597273001386865
0.14597273001386865
0.14597273001386865
0.14597273001386865
0.2366164936888168
0.15657308752841556
0.20842135370497283
0.19250795265471804
0.20336954076908678
0.1804460186912942
0.17615312296995939
0.20462823244891606
0.17911277875286713
0.17677296699613987
0.19581892188440508
0.17380622904053036
0.19981230510074766
0.23958135765320868
0.19899720532842588
0.19847703699925726
0.1779539589847001
0.16838100925552812
0.16547846188606097
0.1632273920629254
0.23042039783656215
0.2230333461535061
0.22788221158255495
0.23238498382094397
0.23191567249292716
0.232516191892262
0.23653157596697746
0.2421506393652617
0.25276906695539164
0.2595220186459454
0.2626153792188994
0.2637663947906962
0.270684502715142
0.2766057425612321
0.29488273431324724
0.29816274343729704
0.19526792365818804
0.21953839841693862
0.17533529024221423
0.17746534409144113
0.19087515264654392
0.1499129777257509
0.1499129777257509
0.24078232121949356
0.1935234507969405
0.1935234507969405
0.1935234507969405
0.1499129777257509
0.19936335423426527
0.21141993481509627
0.21141993481509627
0.21141993481509627
0.22253449382142337
0.21047791324059237
0.21047791324059237
0.24457531153940965
0.24749507940846482
0.27198855499648417
0.27383405947629247
0.27019544782250554
0.2860042144546684
0.29055962912933353
0.2936350497611003
0.29414358855174394
0.24842194845951066
0.2308891584233947
0.22724796167481046
0.22724796167481046
0.2172486589012571
0.2172486589012571
0.2172486589012571
0.2172486589012571
0.20921623029847117
0.20921623029847117
0.20921623029847117
0.20921623029847117
0.20676739961638665
0.18851568320789164
0.18851568320789164
0.18851568320789164
0.14892791579778036
0.14892791579778036
0.14892791579778036
0.14892791579778036
0.14794285386980977
0.14794285386980977
0.14794285386980977
0.14794285386980977
0.14695779194183925
0.14695779194183925
0.14695779194183925
0.14695779194183925
0.14597273001386865
0.14597273001386865
0.14597273001386865
0.14597273001386865
0.15340996304332483
0.14499326192171993
0.14499125380836503
0.14499460098591493
0.14400907470427793
0.14400815207478546
0.14400715338509876
0.14400613344627072
0.14400699401982986
0.14400907639516577
0.14401109410122007
0.14401297553506368
0.14598127200016364
0.1459842680696375
0.14598715789494043
0.14599009465406043
0.14796321014008534
0.16001928283861314
0.16001881328526898
0.16001839733923137
0.2019688501468469
0.1899098074141615
0.19702548657787924
0.18990538202039128
0.21609748584538158
0.18840464460665796
0.19248306815247848
0.24923918634172884
0.24113586377550275
0.24590485485010294
0.2875594028307623
0.23521728465586683
0.22419682823053985
0.2589907161006935
0.250013660353596
0.24303254639635344
0.19526792365818804
0.19526792365818804
0.19526792365818804
0.19526792365818804
0.2023738431485156
0.21816145843407764
0.2262203027381808
0.23582525528760848
0.1935234507969405
0.1935234507969405
0.1935234507969405
0.1935234507969405
0.19936335423426527
0.21141993481509627
0.21141993481509627
0.21141993481509627
0.22253449382142337
0.21047791324059237
0.21047791324059237
0.21047791324059237
0.23073690739730549
0.23073690739730549
0.23073690739730549
0.23073690739730549
0.23823232637633449
0.23823232637633449
0.23823232637633449
0.23823232637633449
0.22724796167481046
0.22724796167481046
0.22724796167481046
0.22725105556232575
0.21725391019839602
0.21725552700803838
0.217253939567854
0.1548503821425908
0.1538708193801316
0.15387357058222023
0.15387460727199742
0.15387512561399208
0.1519079200828296
0.15190537025058473
0.15190617770957215
0.15190569291047146
0.14895456750954963
0.14895707284663798
0.1489594488860825
0.14896186753778437
0.1479816965264207
0.14798492643014832
0.14798890040418067
0.1479928308654246
0.14700946885801744
0.14701066340035135
0.14701176372862368
0.1470129960178943
0.14602933664352866
0.14603044155796638
0.14603154652899772
0.14603216728394083
0.14504894945992977
0.14505073433333496
0.14505263430679619
0.14505481401052153
0.14407275580372897
0.14407570165933647
0.1440788031156919
0.1440819131536392
0.1441783040923796
0.14408001248903402
0.14407927145415894
0.1440793216202702
0.14604555780335526
0.14604599551456535
0.16921376028834803
0.1692135903758475
0.18867841483129752
0.20064006085859068
0.20074063436191433
0.20063971519625623
0.20201445380721755
0.18995752764637241
0.1899430081809312
0.1899468151751297
0.18746574666511512
0.18747564125937236
0.18746499082368542
0.18747065059494913
0.22733955549013143
0.19947344457560573
0.23414517684430308
0.2518755153029071
0.22956970760165013
0.23700934963750636
0.24632171287709004
0.2548893275284195
0.19526792365818804
0.19526792365818804
0.19526792365818804
0.2062643717932627
0.21818917812106
0.21091886720422645
0.21488509634058067
0.21336754211109213
0.1935234507969405
0.1935234507969405
0.1935234507969405
0.1935234507969405
0.19936335423426527
0.21141993481509627
0.21141993481509627
0.21141993481509627
0.22253449382142337
0.21047791324059237
0.21047791324059237
0.21047791324059237
0.23073690739730549
0.23073690739730549
0.23073690739730549
0.23073690739730549
0.23823232637633449
0.23823232637633449
0.23823232637633449
0.23823232637633449
0.22724796167481046
0.22724796167481046
0.22724796167481046
0.22724796167481046
0.21725186745119454
0.21725269997169064
0.21725658654146707
0.2172574815903822
0.20923255821137385
0.2092374825000162
0.2092421044181959
0.20924568964222892
0.18855002107197347
0.1885549911729518
0.1885543983154207
0.1885591379392514
0.17040356446920657
0.17040446915709762
0.17040509438970017
0.1704055193711659
0.16390119702918313
0.16390499752748833
0.163908336659548
0.14801288982790806
0.14702969781373745
0.1470311382678592
0.147032434051265
0.1470338162373735
0.14604806311781746
0.14604685359336433
0.14604599544966612
0.14604480553197138
0.1450575338187413
0.1450553988046773
0.14505328411537202
0.14505142482436806
0.1440702621437622
0.14419135335431507
0.14407842181938418
0.14408267174390815
0.14407742131872536
0.14407366213169212
0.14419108319062898
0.14416636028413984
0.14603120661744232
0.14603001671728963
0.14601267771209564
0.14600590434312413
0.18856060585189105
0.2006260656125634
0.20074443256840357
0.20063556854025827
0.2020223426229467
0.18996253844603275
0.18995942833145266
0.18995624257005794
0.1875118680908018
0.18751467306082176
0.18750100573553954
0.18751828398086928
0.18673668173890828
0.1479568355440056
0.14796101560996489
0.1479510075652312
0.15587978684905507
0.16623839464858206
0.1760112087195568
0.18942758234263676
0.1499129777257509
0.1499129777257509
0.1499129777257509
0.1499129777257509
0.1499129777257509
0.1499129777257509
0.1723587158140256
0.17944512876553836
0.1499129777257509
0.1499129777257509
0.1499129777257509
0.1499129777257509
0.14892791579778036
0.16098449637861134
0.16098449637861134
0.16098449637861134
0.163939682162523
0.15188310158169202
0.15188310158169202
0.15188310158169202
0.15582334929357428
0.15582334929357428
0.15582334929357428
0.15582334929357428
0.23823232637633449
0.23823232637633449
0.23823232637633449
0.23823232637633449
0.22724796167481046
0.22724796167481046
0.22724796167481046
0.22724796167481046
0.2172486589012571
0.2172486589012571
0.2172486589012571
0.2172486589012571
0.2092260357176159
0.20922589847858403
0.20922668468360778
0.20922722360021972
0.1885271948558598
0.18852529424454764
0.1885243951915077
0.1885228968852779
0.1703662842700964
0.17036775292012377
0.17036814291737803
0.17036984790394769
0.16386388424711862
0.16386622161059236
0.16386828116753058
0.16387042886454095
0.15561627892801122
0.15561591342906697
0.1556154382658045
0.15561491990823093
0.15133290976885633
0.15133678311694723
0.15134067070737273
0.15134429912088676
0.1468361585759733
0.14683762720882096
0.14683840471358517
0.14683903852419322
0.14403838052947932
0.14402811826890016
0.14402007876668804
0.1440092952583579
0.14401088252406644
0.1440120875868805
0.1440129542713969
0.144013729017938
0.14598401307023295
0.14598871237786473
0.14599317125875252
0.14599815783297407
0.18852856265866977
0.20058150971588118
0.1600171718619982
0.16001063899043158
0.1609875200720016
0.1522308974552539
0.16070260579481685
0.16995943116154855
0.19127387328472661
0.20472816754123693
0.2204812466228231
0.23583916759705933
0.2583769962236279
0.2673129857777392
0.2739537018319727
0.2788330059419621
0.2838153383599691
0.290888576713725
0.2983675913222268
0.30694130215722226
0.17417790489745166
0.23194064473715284
0.2565410298849256
0.28091777294252934
0.29628502460905587
0.30154448478775453
0.3048773958116458
0.30741643569059124
0.1696172968704157
0.1971505470510348
0.21035292151553564
0.2187238487281908
0.24142211216281673
0.26553206499569554
0.2743977361570304
0.28146068164868343
0.2781687491576321
0.25468161718380744
0.2410426718970288
0.2976144436369861
0.21151156438232277
0.2253316336077773
0.1953674904214805
0.18921196472404442
0.1942613499401012
0.15779347314951545
0.23823232637633449
0.23823232637633449
0.22724796167481046
0.22724796167481046
0.22724796167481046
0.22724796167481046
0.2172486589012571
0.2172486589012571
0.2172486589012571
0.2172486589012571
0.20921623029847117
0.7948677350165173
0.7999843763068244
0.8138977586733919
0.30010853361084994
0.23878547525462332
0.30105870647578936
0.24832768904680783
0.2082748761658452
0.20479366865784082
0.2058947812235455
0.2080528475164308
0.19400358982939864
0.19185860885691586
0.19005938682513096
0.18642217579327142
0.15558857056338493
0.15558857056338493
0.15558857056338493
0.15558857056338493
0.15130222660752665
0.15130222660752665
0.15130222660752665
0.15130222660752665
0.21364196567972438
0.16992603767821204
0.15086575852578077
0.14500114246480525
0.14845986217775525
0.14846115804315174
0.14846189236424004
0.14846230271768926
0.15242700905129017
0.15242666502538488
0.15242588595993106
0.15242536761000275
0.16915288275907592
0.16915434892332876
0.1691559638272342
0.16915775271607875
0.18852112562090276
0.20057301048875484
0.20056869674328728
0.2026243802356812
0.2220305795859109
0.2186429096544018
0.22835610606877071
0.23761249540434262
0.2660441914507652
0.2851827321792042
0.30691011399674184
0.3311822308687392
0.35520621487189735
0.3686044188369304
0.38108573323749145
0.3939495135916284
0.4017400515476351
0.4090189045832627
0.41754850169635876
0.4254835960789932
0.2729295364432096
0.30656587806223623
0.34264040392659717
0.35865500466563355
0.38387254715484864
0.40154574819471645
0.4187672678380704
0.4384538287270883
0.2736003919555245
0.3664113881481353
0.2701132592191356
0.27812032080160615
0.36247048676862803
0.38531820438779946
0.3917734983930913
0.39230107898810235
0.38842096511786617
0.36549607468449513
0.34295788752809125
0.28756633287983674
0.2877225777867707
0.2776563303792873
0.26805910921050713
0.2605142447352848
0.23823232637633449
0.23823232637633449
0.23823232637633449
0.23823232637633449
0.22724796167481046
0.22724796167481046
0.22724796167481046
0.22724796167481046
0.2172486589012571
0.2172486589012571
0.2172486589012571
0.2172486589012571
0.20921623029847117
0.20921623029847117
0.20921623029847117
0.20921623029847117
0.22780374815597046
0.21891900337712328
0.808929547327838
0.2175212764240425
0.19593696397828447
0.17547039881705626
0.17035375752674925
0.17035375752674925
0.14794285386980977
0.14794285386980977
0.14794285386980977
0.1479466786423498
0.14697411990283624
0.1469753293772769
0.1469802536758465
0.1469843572537262
0.14600196826378925
0.14600396565712476
0.1460056450983771
0.1460071137356989
0.14502447085451914
0.1450266305128861
0.14502863558382292
0.14503077728523256
0.14404528338439807
0.1440451969782948
0.1440451969649098
0.1440451105620686
0.14404562889777947
0.14404731337908325
0.1440490133081215
0.14405063963542797
0.1460176533930548
0.14601860368017128
0.16918710404491571
0.169187241871424
0.1885596362809352
0.2006172712564408
0.20061863580169165
0.20062010442756553
0.20199692911496914
0.18993008169379544
0.18991948233205183
0.22444907782231738
0.2110372181300242
0.3488416158236003
0.24265144891049112
0.2883606895608784
0.27953371264954663
0.2906158749605551
0.32141568587282454
0.3063229094937091
0.31381677081346593
0.3467333948863106
0.3254159448688298
0.35624434844679764
0.22024944086703016
0.20841921944861633
0.23926421803527625
0.24046013960858806
0.2550086050004053
0.26501670931905635
0.275079981763007
0.2849055310300193
0.1935234507969405
0.20172721827757376
0.24050452060863084
0.2700868281710387
0.3020929686098774
0.30882847116653545
0.30836803470607527
0.34462236695420834
0.3612792183138563
0.9201761298575504
0.32128079208081545
0.2996096984378023
0.2595055663586056
0.23510490805000328
0.23073690739730549
0.23073690739730549
0.23823232637633449
0.23823232637633449
0.23823232637633449
0.23823232637633449
0.22724796167481046
0.22724796167481046
0.22724796167481046
0.22724796167481046
0.2172486589012571
0.2172486589012571
0.2172486589012571
0.2172486589012571
0.20921623029847117
0.20921623029847117
0.20921623029847117
0.20921623029847117
0.18851568320789164
0.18851568320789164
0.18851568320789164
0.18851568320789164
0.17035375752674925
0.17035375752674925
0.17035652204327018
0.1703636381702654
0.16385713667147692
0.16386095947814544
0.1638694474042428
0.16387536518971388
0.15562231349971908
0.15562308386046295
0.15562392842463474
0.15562450931969218
0.15134291686488147
0.15134758197085496
0.15135271352439666
0.15135838088578726
0.14685297774815506
0.146856207583323
0.14685935239995945
0.1450570402853291
0.14406949712096823
0.14406694733351427
0.1440642031940229
0.14406303758145586
0.1440629526324654
0.1441625330093186
0.14406524743645852
0.1440664493063475
0.14613802252203592
0.14604806309291693
0.1460534750750685
0.14606486446166284
0.1480332885049916
0.16017741940747804
0.16019808307206057
0.1600772898635956
0.16104662778356096
0.14898104651133515
0.14897236414120224
0.1899361865149116
0.18747822061565916
0.1874700775424042
0.18746090736007298
0.18746811169515956
0.20024225630669043
0.21283572314181828
0.22023043965877712
0.22485407570483476
0.23991534297624112
0.2478692314124147
0.25660849412736214
0.2665410787376464
0.19526792365818804
0.20429204572969994
0.19526792365818804
0.19526792365818804
0.22162909205357936
0.2314923510413613
0.24187494186973352
0.25323498365305447
0.1935234507969405
0.1935234507969405
0.1935234507969405
0.1935234507969405
0.19936335423426527
0.21141993481509627
0.21141993481509627
0.21141993481509627
0.22253449382142337
0.21047791324059237
0.21047791324059237
0.21047791324059237
0.23073690739730549
0.23073690739730549
0.23073690739730549
0.23073690739730549
0.23823232637633449
0.23823232637633449
0.23823232637633449
0.23823232637633449
0.22724796167481046
0.22724796167481046
0.22724796167481046
0.22724796167481046
0.2172486589012571
0.2172486589012571
0.2172486589012571
0.2172486589012571
0.20921623029847117
0.20921623029847117
0.20921623029847117
0.20921623029847117
0.15188310158169202
0.15188310158169202
0.15188310158169202
0.15188756381678756
0.14893939011759674
0.14894244994078612
0.14894593473994638
0.14894869707546718
0.1479666978847995
0.147968054880201
0.14796916003672508
0.14796954878746993
0.1469879856963379
0.1469908124618718
0.14699357480474215
0.14699632245632804
0.14601333389916765
0.14601514249688669
0.14601692747130432
0.14601869029243603
0.1450382401672466
0.14504257494730327
0.14504733472303918
0.14505211619542502
0.14406757253259234
0.144067967356598
0.14406843641973616
0.14406878191657457
0.1440684362944917
0.14406932712018608
0.14407033686980034
0.1440712007355408
0.14603173514227138
0.14602802030234582
0.1460249167487704
0.14602253693152442
0.14799886545811244
0.16005604102281323
0.16005612602357422
0.16005595604038803
0.20200398379889284
0.18994391848203923
0.18992378440488944
0.1899404761942948
0.18749416802153704
0.18747838193664224
0.18749182878420703
0.1874753352821767
0.18671826422126722
0.18671095981978314
0.18670145877678904
0.19320617940147528
0.230978238452471
0.24580798757155586
0.2565340007461655
0.2710274333226304
0.19526792365818804
0.19526792365818804
0.1992870770703124
0.21291055323308844
0.2410696822677465
0.2542930929459199
0.2647028531277867
0.2741463433081456
0.1935234507969405
0.1935234507969405
0.1935234507969405
0.1980336848398618
0.2178408721413474
0.2357536933879852
0.2358687453636586
0.2298623286622991
0.22858747477154517
0.21047791324059237
0.21047791324059237
0.21047791324059237
0.23073690739730549
0.23073690739730549
0.23073690739730549
0.23073690739730549
0.23823232637633449
0.23823232637633449
0.23823232637633449
0.23823232637633449
0.22724796167481046
0.22725157931328865
0.22725926600961616
0.2272601752566022
0.2172623855944501
0.21726259808439957
0.21726062410967162
0.21726132315790891
0.2092305519575225
0.20923038196628177
0.20922992333100549
0.20922887330288212
0.18853153602305842
0.1885343869331798
0.18853546681948619
0.1885363369743323
0.17038180585344018
0.17038520564748985
0.170388011663912
0.17039115528472196
0.14798518560391322
0.14798708618856748
0.14798924594642096
0.1479914709466012
0.14700539355965872
0.1470048791127805
0.14700530711847015
0.1470062573970487
0.14602283687853393
0.14602372687904416
0.1460253422275737
0.14602663807075564
0.1450458956754913
0.1450502241766402
0.14505447392831428
0.14505889370517294
0.1440782848115256
0.14408284127241774
0.14418667998584847
0.14409168083034993
0.14420407385179554
0.1442244716178209
0.1441971652785014
0.14409253069461936
0.1460561949964756
0.14605381515109786
0.14605177538527003
0.1460497356862967
0.14802410939992197
0.16020759918061925
0.16019814191231416
0.1600728701206507
0.16104062187810955
0.14897409040910176
0.14896410264209956
0.14896944996331885
0.1489508431673265
0.1489404100039431
0.14893092369767966
0.15833448580867776
0.23174075136222314
0.247228204436037
0.21309319102350324
0.22348859503918386
0.22957613465951293
0.23570114346020385
0.2428750414347824
0.2515335246265378
0.15533481906425142
0.17478720568856637
0.21113061864435748
0.2362156565535936
0.2607217268242198
0.2747672451867153
0.34183780028640076
0.3535654662758163
0.22501635815010776
0.25787493824207663
0.2765277649915772
0.29672943403204893
0.33596033341731496
0.3625708075540169
0.37185914050917124
0.37589895460783845
0.39284443061940055
0.3750712280928186
0.3635015067692949
0.2721004819938963
0.26486464590951747
0.25178065190846927
0.2468866209155474
0.23328824090374883
0.23823232637633449
0.23823232637633449
0.23823232637633449
0.23823232637633449
0.22724796167481046
0.22724796167481046
0.22724796167481046
0.22724796167481046
0.22408219442663696
0.2172486589012571
0.2172486589012571
0.2172486589012571
0.20921623029847117
0.20921623029847117
0.20921623029847117
0.20921623029847117
0.1995586643943528
0.15188310158169202
0.15656810284015962
0.15188310158169202
0.14892791579778036
0.14892791579778036
0.14892791579778036
0.14892791579778036
0.14794285386980977
0.14794285386980977
0.14794285386980977
0.14794285386980977
0.14695779194183925
0.14695779194183925
0.14695779194183925
0.14695779194183925
0.14597273001386865
0.14597273001386865
0.14597273001386865
0.14597347513868353
0.14499818622387653
0.14500585699194077
0.14501436298201537
0.145022699725123
0.14403940890987701
0.1440410502221839
0.14404272370388244
0.14404381475844558
0.1440436419596209
0.1440444235799859
0.14404545615102055
0.1440463784822872
0.1460125076370716
0.14601259266576386
0.14601301766510105
0.14601369763358676
0.14799453085821038
0.1600511114235978
0.16003802221484723
0.16005162144567797
0.2019956591186509
0.1899286246620077
0.27383080649880254
0.1899097858703211
0.2141288968599031
0.19764032358572914
0.2081524394846839
0.24276817872543838
0.23603136010873604
0.24726709136451508
0.26585926859246073
0.26172845022405816
0.269962720471584
0.3042671878484575
0.22455515532893405
0.25421421751087914
0.1499129777257509
0.1499129777257509
0.19526792365818804
0.19526792365818804
0.2004170091081786
0.21864041413206475
0.21696250344828996
0.22227959128931613
0.1935234507969405
0.1935234507969405
0.1935234507969405
0.1935234507969405
0.19936335423426527
0.21141993481509627
0.21141993481509627
0.21141993481509627
0.22253449382142337
0.21047791324059237
0.21047791324059237
0.21047791324059237
0.23073690739730549
0.23073690739730549
0.23073690739730549
0.23073690739730549
0.23823232637633449
0.23823232637633449
0.23823232637633449
0.23823232637633449
0.22724796167481046
0.22724874459759556
0.2272576000407182
0.2272604171533152
0.2172641791345391
0.2172642342467348
0.21726455492400776
0.21726659285347125
0.20924007432446728
0.2092433012160875
0.20924594894759443
0.20924980335547474
0.15192508916535924
0.15192629729467302
0.15192672922058295
0.1519271611492949
0.14897636294003608
0.14897897312062955
0.1489814784274456
0.1489832062136079
0.14800498511416055
0.14800989344500098
0.1480145894966713
0.14801922367531678
0.1470319924599305
0.1470293577006614
0.14702837364201415
0.1470274878051181
0.1460436158768434
0.14604478043341793
0.14604582565468557
0.1460471128758866
0.14506248284486228
0.14506331348061044
0.14518805269661644
0.14506467351742514
0.14408216162163184
0.14408471150498522
0.1440874425867039
0.14423982214325246
0.14409134095709883
0.14409355095284365
0.1441920680340762
0.14409763661784333
0.16923262930591296
0.16923330939696718
0.16923461953959437
0.14618014360316364
0.14804859671103288
0.16010655944595675
0.16010759605664268
0.16010845990162476
0.16108021757525523
0.1490166879530362
0.14901019070593882
0.14900451969913855
0.14899745113739493
0.14899166725147675
0.1489814783594657
0.14896887078082077
0.14796190052159042
0.1479511047411903
0.14794431449115703
0.15360587743887283
0.17143503633414783
0.18089859798795413
0.1908203832999458
0.20587723066623634
0.19526792365818804
0.19526792365818804
0.21359931634178572
0.2208091602426755
0.24895685804318188
0.26447397124258054
0.27598622675163
0.287799266696608
0.1935234507969405
0.19359921543584874
0.22455791483389906
0.21190110141144472
0.23809981748418135
0.2556797407971306
0.25714671708620507
0.2514926230262995
0.24797359251031972
0.22068334855302135
0.21047791324059237
0.21047791324059237
0.23073690739730549
0.23073690739730549
0.23073690739730549
0.23073690739730549
0.23823232637633449
0.23823232637633449
0.23823232637633449
0.23823232637633449
0.22724796167481046
0.22724796167481046
0.22724796167481046
0.22724796167481046
0.2172486589012571
0.21725083689402513
0.21725155403819282
0.2172541516937303
0.2092245454551351
0.209225625344659
0.2092261544898673
0.2092261959442872
0.1885291170440661
0.1885303481167888
0.1885317897319169
0.1885336525855001
0.17037794706779918
0.17038163583553265
0.1703843832152158
0.17038648054548755
0.16387804336246295
0.16387769778442496
0.14797787174594218
0.14797749675630162
0.14698647576035587
0.14698226498495603
0.14697808759987835
0.14697174686330133
0.1459874341245993
0.1459876541027927
0.1459866691730711
0.14598750291790744
0.1450281256525276
0.14502991341502036
0.14503146843557702
0.14503297034466944
0.144046803530998
0.14404545627120785
0.1440436587196755
0.14404229881950534
0.14404408372588995
0.14404739854398171
0.14405081257058477
0.14405428311430454
0.14601998720984374
0.14601956221302534
0.14601922222461672
0.14601888224667758
0.14799147100235066
0.1600480728125173
0.16004885029692434
0.16004997334974033
0.16102216295682806
0.1489590598261784
0.14895160857845124
0.14894412133991072
0.1527304615213363
0.1688887919401898
0.18749316049729195
0.20366519105755035
0.2734323478361662
0.2871355731963715
0.3318169863445702
0.34382341628033214
0.3517771172875115
0.3582312928662082
0.3878125997496521
0.4035931152406444
0.26933948650394784
0.3287800422131038
0.3470637843615063
0.3383832207393155
0.350537308469822
0.35820399363664274
0.3685016034600126
0.3710597813933792
0.24164234287609468
0.2663884465368956
0.2989158645934213
0.311780680157959
0.29443109901260556
0.31705970640500064
0.32593248208052317
0.3302867302020909
0.31266752128045683
0.29036401505061504
0.3458558892825044
0.29172022523620533
0.29301200346854867
0.2817042963351204
0.27247863339032863
0.26457510500138254
0.2539093449737524
0.2523740898950268
0.23823232637633449
0.23823232637633449
0.22724796167481046
0.22724796167481046
0.22724796167481046
0.22724796167481046
0.2172486589012571
0.2172486589012571
0.15483828736560373
0.15483828736560373
0.1538532254376331
0.1538532254376331
0.1538532254376331
0.1538532254376331
0.19295062600898813
0.15188310158169202
0.15892634986023446
0.15188310158169202
0.14892791579778036
0.14892791579778036
0.14892791579778036
0.14892791579778036
0.14794285386980977
0.14794285386980977
0.14794285386980977
0.14794285386980977
0.14695779194183925
0.14695779194183925
0.14695779194183925
0.14695779194183925
0.14597273001386865
0.14598031083763774
0.14599080736137882
0.14600398683675134
0.14502438581637955
0.14502838057533926
0.1450318654055906
0.1450351832800403
0.1440498632879604
0.1440497782734749
0.1440496082699533
0.14404918329241653
0.14405193549456943
0.144055995856135
0.14406014260738512
0.14406431230749692
0.1460323963550265
0.14603452127714653
0.14603700507585324
0.14603979091996103
0.14801611938387674
0.16007295491011672
0.16005663590169644
0.16005162120877917
0.20198426489696644
0.18991262130646935
0.1999290221984388
0.19650427335226875
0.21032872190781532
0.22404661162543196
0.23647536787200812
0.246102539694089
0.26025204899347293
0.26914244972624674
0.2780113772340189
0.28547911799484005
0.2905153563884505
0.29387573231604663
0.2989574598788289
0.3047339854025949
0.19526792365818804
0.20850881700670276
0.23388828816103133
0.24020277084210054
0.2525578512880998
0.2612582228447509
0.27185558001562155
0.28321107686168684
0.1935234507969405
0.1935234507969405
0.21671577960287053
0.1577398102164261
0.22900972976202316
0.23742451613525206
0.22769817927860575
0.21141993481509627
0.22253449382142337
0.21047791324059237
0.21047791324059237
0.21047791324059237
0.23073690739730549
0.23073690739730549
0.23073690739730549
0.23073690739730549
0.23823232637633449
0.23823232637633449
0.23823232637633449
0.238238438546496
0.2272565089937845
0.22725815444153286
0.22725884520060952
0.2272577621945208
0.21726169497205144
0.21726404295280474
0.2172660235195664
0.21726775133941975
0.20923679902679052
0.20923900889587704
0.20924249368321557
0.20924430741589575
0.1885482362070201
0.18855097400100349
0.18855257222555286
0.1885536758728773
0.170401014626271
0.1704062842822315
0.17041163955809832
0.1704171685620944
0.14800134059535835
0.14801801404097675
0.1480237688075639
0.14802976331136705
0.14704703648798922
0.14705040335234595
0.14705282221542043
0.14705536609179662
0.14607052503515724
0.1460701793409861
0.1460700064621437
0.14606896969442054
0.14508580831209542
0.1450869419827358
0.14508779215821038
0.14508874596490637
0.14410195607791262
0.14421511503348927
0.14410239010012776
0.14421595965302436
0.1441057572060163
0.14420049016814399
0.14411163164283708
0.14425606379126707
0.14608016342645927
0.14608016382386335
0.1461746501123108
0.1460808919872071
0.1480567470262956
0.16011347084167601
0.160113497444112
0.2006763450472698
0.20205268568152027
0.1899863307671423
0.1899762164131424
0.18996647034155634
0.18750921911145907
0.18750227263708097
0.187494115249778
0.18748647322269169
0.1867053341884523
0.18669753321481872
0.2039986635107908
0.19805699236423946
0.3115710316004443
0.22027528720291464
0.2602993552942118
0.24051774702356904
0.19526792365818804
0.19526792365818804
0.19526792365818804
0.19526792365818804
0.1600728306971814
0.1499129777257509
0.1499129777257509
0.1499129777257509
0.1499129777257509
0.1499129777257509
0.1499129777257509
0.1499129777257509
0.19936335423426527
0.21141993481509627
0.21141993481509627
0.21141993481509627
0.22253449382142337
0.21047791324059237
0.21047791324059237
0.21047791324059237
0.23073690739730549
0.23073690739730549
0.23073690739730549
0.23073690739730549
0.238243765260247
0.238260471141344
0.23827235895563775
0.23828536813489953
0.22730152426646344
0.2273011354720407
0.1558837799180891
0.1558848855203811
0.15490743677115795
0.15491396605773325
0.15492022236873404
0.15492608717792214
0.15393499071990166
0.15392844612837592
0.20927895669736535
0.2092741125473251
0.18858220453299676
0.18858816546937363
0.18857738946742444
0.18859914813580692
0.17042451189099933
0.17044187645719563
0.17044572184459278
0.17044674183487937
0.14803840247600583
0.14803788405779406
0.14803719287377393
0.14803634798181609
0.14705472266094144
0.1470574057826174
0.14706097570123586
0.1470638803246242
0.1460805461208789
0.1460815827362356
0.14608254325736902
0.1460835634275671
0.14509969153360033
0.14510088146694253
0.14510207132214442
0.14510395071163273
0.1441248287733634
0.14412839854236284
0.14413202007662163
0.14424413070403935
0.14425923427959386
0.14413672770941155
0.14427641557186008
0.14423682188042392
0.14630782184201016
0.14609716209132964
0.1460934225372988
0.1460898764341464
0.1480659263128327
0.16027939912737077
0.20068170123228132
0.2006803372288543
0.20203086808499868
0.1900048698900574
0.19000247972583534
0.18997388941278653
0.20800123698703532
0.21310736500306615
0.7782694540053365
0.21308632012223835
0.21230379861192078
0.19183621347572008
0.18671523881867802
0.18670972758773213
0.19022026070528517
0.19546887978782757
0.20534236541698805
0.21803089230194625
0.19526792365818804
0.19526792365818804
0.19526792365818804
0.19526792365818804
0.1961575288962681
0.1961575288962681
0.21748044239171316
0.23237305610685438
0.1935234507969405
0.1935234507969405
0.1935234507969405
0.1935234507969405
0.19936335423426527
0.21141993481509627
0.16098449637861134
0.16098449637861134
0.163939682162523
0.15188310158169202
0.15188310158169202
0.15188310158169202
0.15582334929357428
0.15582334929357428
0.15582380644774155
0.15583488772945261
0.15783151934669865
0.1578525973016971
0.1578708798145643
0.15788674612093065
0.15591437885953877
0.22732251736961048
0.22731488315011145
0.22728382955555396
0.21730412213259043
0.217301616745917
0.2172988058905909
0.217296174109404
0.20926620731425766
0.20926722728404443
0.20926799223729767
0.20926858717936278
0.15194176124720893
0.1519414081163434
0.15194107019845224
0.15193885828971967
0.1489901321261309
0.14899201814914267
0.1489946098332307
0.14899676168337697
0.14801801433537606
0.1480225791645007
0.14802734463139217
0.1480320986435345
0.1470514564934918
0.14705536636364008
0.1470594462601463
0.14706301682321293
0.1460765724347985
0.14607472394777324
0.14607302415184442
0.14607156177217004
0.1450905119752927
0.14509496604288946
0.1451881943999457
0.1451037777054696
0.1441209189792207
0.1441229591657413
0.14412441805212026
0.1441266987617722
0.1441270386908997
0.1443203668824052
0.14413063776591498
0.14413247824536593
0.14610093463364482
0.1463254448281174
0.14625998555405856
0.14632135657881518
0.14831789297059295
0.1601345498633106
0.16011417710671647
0.16012114681942638
0.2020618652074866
0.1900377069781498
0.18998137168131576
0.18997088009783006
0.18752082014915336
0.18751842727994397
0.1875134408753473
0.18750899835016607
0.1867381145681921
0.18673107521831894
0.18672571487259557
0.1867219738184665
0.1902401281150614
0.1902344018154226
0.19022713447907577
0.1902222718504527
0.19526792365818804
0.19526792365818804
0.19526792365818804
0.19526792365818804
0.1961575288962681
0.1961575288962681
0.1961575288962681
0.1961575288962681
0.1935234507969405
0.1935234507969405
0.1935234507969405
0.1935234507969405
0.19936335423426527
0.21141993481509627
0.21141993481509627
0.21141993481509627
0.22253449382142337
0.21047791324059237
0.21047791324059237
0.21047791324059237
0.23073690739730549
0.23073690739730549
0.23073690739730549
0.23073690739730549
0.23823232637633449
0.23823232637633449
0.23823232637633449
0.23823232637633449
0.22724796167481046
0.22724796167481046
0.2272484476251478
0.22725952189293439
0.21726303426972945
0.21726311767298934
0.21726349658523963
0.2172625767994924
0.20923308051889566
0.20923419966316056
0.2092350203760741
0.20923586409876166
0.1519174623906291
0.1519254332839085
0.15193307856871963
0.15194021825056123
0.14898769871021733
0.14898792233660443
0.14899115434900476
0.14899305488935322
0.14801475959639437
0.1480201993927474
0.14802546916994694
0.14803097314289412
0.14705334073962711
0.14706080574499547
0.14706845537946614
0.14707644514451446
0.14608745793714836
0.14608417484489553
0.14608135364871205
0.14607916425293513
0.1450949660619927
0.14509578171099882
0.1452855167092235
0.14509703943918284
0.14411232294445944
0.14420595678603756
0.14420453338128256
0.144113013844205
0.1442562254018162
0.14410973091765286
0.14410886698398054
0.1442198192939
0.16924308525535744
0.16924435817516717
0.1692295693850186
0.16924741845106003
0.18862149247363072
0.2006531392482351
0.2008319238003021
0.20068653939208628
0.20204780085720156
0.18999346638250014
0.19003706833320413
0.18994214172673557
0.18752878197218512
0.18752980196518954
0.18750859578837306
0.187525632173404
0.18676031504523355
0.1867416346860316
0.18675316008946302
0.18672789164594958
0.19026414489215304
0.19025904361499188
0.19023974281570807
0.1902459942076226
0.1952809225593035
0.19526792365818804
0.19526792365818804
0.1499129777257509
0.1499129777257509
0.1499129777257509
0.1499129777257509
0.1499129777257509
0.1499129777257509
0.1499129777257509
0.1499129777257509
0.1499129777257509
0.14892791579778036
0.16099724560829065
0.16100806121963468
0.16102097336208174
0.1639749125578394
0.15192262491983333
0.1519262108512971
0.15192967879251335
0.1558789606117392
0.15588531057767813
0.1558887282512124
0.1558939562322272
0.15786992940120606
0.1578733348483131
0.15787727806750632
0.15788081461131795
0.15591735347136595
0.15592330320782605
0.15592900578164423
0.15593491457892245
0.15495184047314442
0.15495303037124086
0.1549542242604275
0.15495526085704214
0.15396983839264677
0.1539688186087962
0.1539676285500167
0.15396677857058008
0.1520024345272037
0.15200753431210326
0.15201268852613314
0.15201787180429321
0.14906526761915273
0.14906614202345553
0.14906662772665102
0.14906696804094433
0.1480807348251741
0.1480776559797068
0.1480751061169464
0.14807209531531862
0.14708358429602628
0.14708018450447494
0.14707735735837285
0.14707474500139142
0.14609229573266977
0.1460936777840853
0.14609592380359018
0.14609801223419297
0.14511449015127337
0.14511621788820028
0.1451176000828587
0.14511932785787868
0.14413184695286615
0.14412960077071857
0.14412752737684612
0.14412545398751486
0.14412614510812088
0.14412873799541068
0.14413150133336192
0.1441340078389025
0.1461005887980682
0.14610093427120185
0.1461014525532965
0.14610192202574673
0.1480779697206979
0.16034336964219797
0.20069546652622036
0.20069431461233142
0.20198366996459838
0.1901085783257892
0.18998828555991673
0.19001281793048055
0.18756329338919264
0.18761105294467623
0.18761144025299673
0.18766088510449774
0.1867669711937146
0.1867741971224179
0.1867556669579132
0.14801835967579383
0.14801426697875275
0.14801073385737595
0.14800557995515073
0.14799920536468988
0.14996768884548212
0.14995946987072492
0.1499617887234919
0.1499621195142496
0.14996109760328907
0.14996455322727145
0.14996645381070683
0.14997120529952873
0.1499666265565604
0.14996299812065722
0.14995781465085337
0.14995168088422656
0.14895927880477583
0.1610133095709393
0.1610133945852274
0.161016720252797
0.16397648486260738
0.15192865874870956
0.15193884101159824
0.15194903848763328
0.1558980776198779
0.23080567469895133
0.23080580425653735
0.23080562888281095
0.2383080505729953
0.23831290146573655
0.23831778871311526
0.2383215397578751
0.22733656276211164
0.22733493388896822
0.22733331631915868
0.22733176661935367
0.21733418617034622
0.21733569370921632
0.15493470015590932
0.15493739158345377
0.15395759938215914
0.153961214592396
0.15396439881993654
0.15396779863367996
0.15199427500252413
0.15199597496458025
0.15199223529908082
0.15199178206537153
0.14903745999840318
0.1490369415023935
0.14903568938199305
0.149032289691075
0.14805215752926368
0.14805378048685325
0.14805538723952558
0.14805708710436297
0.14707649351744345
0.1470808129291285
0.14708530515691626
0.14709014297066744
0.14610127977630785
0.14609750208797115
0.1460944424375413
0.14609104297055528
0.14510498756956225
0.1451034323397609
0.14510207107323939
0.14510066766494778
0.14411700903033087
0.1441194068598347
0.14412268964665803
0.14412669833014013
0.14412431864498548
0.14412303543086497
0.14412199862602004
0.1441215989046555
0.1460856033192089
0.1460833935352243
0.14627044024376473
0.14607933681625432
0.1480555570386676
0.1601124776494378
0.16011264765939337
0.16011264767149216
0.16108921006216237
0.149030759565829
0.14902847514910264
0.14915316652412053
0.18755327209527622
0.18755377058211561
0.1875543091457625
0.18768828773108437
0.18678508256821366
0.18677776567338894
0.18677013686008184
0.18676272167087973
0.19028117790417168
0.19027654565779104
0.1903302943280091
0.1902916412818047
0.19530993951567052
0.19530367818951308
0.1952981891780403
0.1952929771371214
0.19617765806468868
0.19617618734512698
0.1961713462081264
0.1961721722171314
0.1935237668716891
0.1935234507969405
0.1935234507969405
0.1935234507969405
0.19936335423426527
0.21141993481509627
0.21141993481509627
0.21141993481509627
0.22253449382142337
0.21047791324059237
0.21047791324059237
0.21047791324059237
0.23075205773844332
0.23075835403319894
0.2307682917564166
0.2307754090878137
0.23827785528695863
0.23827028908186146
0.23827048250414212
0.23827428548602075
0.2272868210253657
0.2272830149108582
0.22728020000391236
0.2272750237204259
0.154894799450243
0.1549069683378919
0.15491189280348086
0.1549163848872742
0.15393063179722152
0.20928227116697504
0.20927929637277876
0.20927640658328667
0.18858289553037513
0.15196033523256136
0.15196503651403995
0.15197104774159
0.1490180102890518
0.14901852040712354
0.1490183505256795
0.14901886057233782
0.1639340053243591
0.1639337659824111
0.1639340052352285
0.1639348552358685
0.1556830850750525
0.15568567440265194
0.15568861158517036
0.15569209422023972
0.15140728012897753
0.15140866040855533
0.1460840016486056
0.14608628287806516
0.14510666086136698
0.14511193069938472
0.14511725493976393
0.14527428590881744
0.144135648369072
0.14413841279485667
0.144140486116604
0.14414301742895483
0.14425105466696417
0.1441427324739867
0.14431671457796652
0.14414204116942428
0.14611164663155024
0.14611314126106778
0.14611416155840426
0.14611562119735919
0.14808802502486326
0.16013990643760817
0.16013457604330658
0.16012913659049988
0.1611028095461083
0.14904155431639757
0.14911206519557615
0.14911926245504403
0.14902545147041682
0.1490198087722645
0.14901361582596231
0.1490073037509894
0.14804531848126015
0.1479990638217758
0.14799239047642632
0.1479863086668782
0.1902605948858686
0.19026077903106983
0.19025846327299817
0.19025602410234324
0.19529364261581514
0.19528513643561407
0.1952799680272445
0.1952752977392444
0.19615788525987946
0.1961575288962681
0.1961575288962681
0.1961575288962681
0.1935234507969405
0.1935234507969405
0.1935234507969405
0.1935234507969405
0.19936335423426527
0.21141993481509627
0.21141993481509627
0.21141993481509627
0.22253449382142337
0.21047791324059237
0.21047791324059237
0.21047791324059237
0.23073690739730549
0.23073690739730549
0.23073690739730549
0.23073690739730549
0.23823232637633449
0.23824012055368246
0.23824469085437955
0.23824930347634046
0.15585810416196785
0.15586513841728236
0.1558752811230697
0.15588393076910576
0.15490290796304373
0.1549046095189058
0.15490934303330897
0.15491257834434802
0.15392855860554622
0.15392959523892724
0.15393065568182399
0.15393142075423386
0.15196061702637428
0.1519594715100223
0.15195860752342363
0.15195808911659925
0.14900602597673201
0.1490073009796884
0.14900849103466857
0.14900917105334804
0.14802427914322436
0.1480232592466488
0.14802291933242334
0.14802302520716204
0.14703951820435135
0.14704057702220288
0.14704193703735435
0.1470428008692168
0.1460639590356746
0.14606948800369307
0.14607557360085432
0.14608192833563866
0.1469006062114792
0.14689905112603774
0.1468766060700842
0.14698914671886779
0.14419539439298001
0.14409712028367738
0.14410697963306163
0.14410901975327273
0.14410869476714447
0.14411007686784258
0.14411111344133745
0.14427175327109198
0.14607812706154796
0.14618002092836788
0.1460772733645225
0.14618433182253385
0.14805572677973727
0.160212350786153
0.16011606230563954
0.16011744450818619
0.16123950286989247
0.14902412987492344
0.14907637429496695
0.14904916058492645
0.14901150611414105
0.1489760293754158
0.14896497769644465
0.1489560891787542
0.14795301815419853
0.14794400980139666
0.15842791209646498
0.1679711897184413
0.17361715303240982
0.18139082971249643
0.19139515377652702
0.2023437872571846
0.19526792365818804
0.19526792365818804
0.19526792365818804
0.19526792365818804
0.21852786387526504
0.1961575288962681
0.19783403162612584
0.24183498553282118
0.1935234507969405
0.1935234507969405
0.1935234507969405
0.1935234507969405
0.19936335423426527
0.21141993481509627
0.21141993481509627
0.21141993481509627
0.22253449382142337
0.21047791324059237
0.21047791324059237
0.21047791324059237
0.23073690739730549
0.23073690739730549
0.23073690739730549
0.23073690739730549
0.23823232637633449
0.23823232637633449
0.23823232637633449
0.23823519888881659
0.22726690971638683
0.22728510994061002
0.22729677274064372
0.2273108578549632
0.21730792324306927
0.21730351726662508
0.21729660595815595
0.21729345113801232
0.2092581327325775
0.20925396799571028
0.2092502707284564
0.20922854104342217
0.18854955363703588
0.18855257097280914
0.18853820686140044
0.18855343620365644
0.1703824433003875
0.17039911292386786
0.1704046694442686
0.17040688813143762
0.1638994970732791
0.16390197372020168
0.16390374682501205
0.16390544675072616
0.15565275925307853
0.15565388229384827
0.15565512148935373
0.1556564740211091
0.1460418429069262
0.1460419157906476
0.1460422558988664
0.14604244784721443
0.14505923383667602
0.14506110370146844
0.1450630012381814
0.14506490178528456
0.14408139627443034
0.1440828412360596
0.144084371231636
0.14408510978736572
0.14408522112424732
0.14423888858408856
0.14420069349686795
0.14409253065226874
0.1460615401867291
0.14621925180202008
0.1460677602018548
0.14607087022360624
0.148165032083205
0.16010363788196347
0.1601029579555776
0.16010210807592448
0.16107680071524771
0.14901741703257235
0.14901413410827577
0.14906829404733832
0.14898982028081814
0.14897585855053969
0.1489645992570205
0.14895520564510548
0.14795693506206675
0.14795102890669934
0.14794584165407706
0.15037739552188725
0.15900825647344824
0.1677242423218947
0.17737063445727372
0.1887156337735509
0.19526792365818804
0.19526792365818804
0.1499129777257509
0.1499129777257509
0.1961575288962681
0.20604151331640594
0.2231604906994481
0.23497573623314635
0.1935234507969405
0.1935234507969405
0.1935234507969405
0.1935234507969405
0.19936335423426527
0.21141993481509627
0.21141993481509627
0.21141993481509627
0.22253449382142337
0.21047791324059237
0.21047791324059237
0.21047791324059237
0.23073690739730549
0.23073690739730549
0.23073690739730549
0.15582334929357428
0.15779347314951545
0.15779384500192573
0.15781390837508494
0.1578280845178811
0.155866961471991
0.15587184879628282
0.15587665273544574
0.15587941721784024
0.15489094327866454
0.15489081414138062
0.1548880943290738
0.15488409960986516
0.15390532730447162
0.20926365908373476
0.20926711470617296
0.20927054201175643
0.18856967775390027
0.1885666540272773
0.18856380309260673
0.18856124042484776
0.17040237461941038
0.17040170472293933
0.17040058972752128
0.1703825707956282
0.14799373830685725
0.14799614568865782
0.14799852561806104
0.14800090888579892
0.1470191297759403
0.1470218942475034
0.1470245978932671
0.14702448595382883
0.14604201571705924
0.1460434456881038
0.14604412570761965
0.14604480568803382
0.1451858693073366
0.1450624828427108
0.1450636922693831
0.1450650134146934
0.14408035836126176
0.1440812221936179
0.14408250136894113
0.1440838613763718
0.14408522130326126
0.14408796078134625
0.14409100096243654
0.1440940609060615
0.14606309545968008
0.14606622447487036
0.14606966101181634
0.14607268404198656
0.18860697881260063
0.20066129888755657
0.20065925913606059
0.2006572191991506
0.20216437025706616
0.14900118148270206
0.14897710019345425
0.14898661870323116
0.14897862746897644
0.14897180253524372
0.14896364195826026
0.14895531859620473
0.1479633917493524
0.14795760400132318
0.1479531480055678
0.14794858093320218
0.1479436578152497
0.15683509139429486
0.15990799645881154
0.16983016205625037
0.1499129777257509
0.1499129777257509
0.1499129777257509
0.1499129777257509
0.1499129777257509
0.1499129777257509
0.16289189767233272
0.1499129777257509
0.1935234507969405
0.1935234507969405
0.1935234507969405
0.1935234507969405
0.19936335423426527
0.21141993481509627
0.21141993481509627
0.21141993481509627
0.22253449382142337
0.21047791324059237
0.21047791324059237
0.21047791324059237
0.23073690739730549
0.23073690739730549
0.23073690739730549
0.23073690739730549
0.23823232637633449
0.23823232637633449
0.23823232637633449
0.23823232637633449
0.22724796167481046
0.22724796167481046
0.22724796167481046
0.2272501219612581
0.21726479246776126
0.21727330852335308
0.21728060205736166
0.21728792653197784
0.2092414565405558
0.2092363162566478
0.209249250796302
0.20925426550756418
0.18855724570896107
0.1885585206762457
0.18855733078176432
0.18855836054992547
0.1489512894128436
0.14897202821026267
0.14897404881435616
0.1489731848669607
0.1479894310954821
0.147989176106765
0.14798892112557616
0.14798875114494395
0.14798892114290071
0.14798909113500291
0.1479891596195976
0.14798943108114468
0.1470067490472439
0.14700836400069076
0.14701049070486386
0.14701118179072462
0.14602871156104114
0.14603035661157068
0.14603234009806487
0.14603460636902094
0.1450503943639243
0.14505177040985268
0.1450528591814152
0.14505404915615658
0.14407162214135966
0.1440743420346023
0.14407690278865135
0.144193736018509
0.14407932157893583
0.1440802064328985
0.14408087655775775
0.14421987978608414
0.14604789024127623
0.14604837544759486
0.14604892721270002
0.1461609135642729
0.14807226830663214
0.16006331479506272
0.16005478071314333
0.16004729520821967
0.20200018023907715
0.1899453633054079
0.18992892489488072
0.18994664249571389
0.18749182874021889
0.1874730148401603
0.18747569278651244
0.1874680278303673
0.18669526454356436
0.19675725979486758
0.20701894730297946
0.21788712703920946
0.23921720506658042
0.25424533294678914
0.2676819195024872
0.2868688067295337
0.1499129777257509
0.1499129777257509
0.1499129777257509
0.1499129777257509
0.15306959433791545
0.19114306233770403
0.1823114907770827
0.19497492209064723
0.1499129777257509
0.1499129777257509
0.1499129777257509
0.1499129777257509
0.14892791579778036
0.16098449637861134
0.16098449637861134
0.16098449637861134
0.163939682162523
0.15188310158169202
0.15188310158169202
0.15188310158169202
0.15582334929357428
0.15582334929357428
0.15583505531234965
0.15584287394448568
0.15781376568016947
0.1578127599997511
0.15781149969244795
0.1578097321871365
0.15584177225305676
0.15584323809481607
0.15584449355587227
0.1558460778100038
0.21726505164046972
0.21726693279506315
0.2172693126498018
0.21727181999860457
0.20924223872261108
0.2092438961273077
0.20924547373649938
0.20924708343251783
0.18855044612219554
0.18855146607877074
0.15192383508175608
0.15192526051571
0.1489745779719203
0.1489772128459059
0.1489789127860008
0.14898156481763059
0.14799658924165127
0.14799538068167747
0.14799436073382782
0.14799088737091073
0.1470074289337126
0.14700776896989873
0.14700703500231602
0.14700634383916733
0.1460226641424802
0.14602395998400264
0.14602525677807193
0.14602620610892159
0.14504248971661468
0.1450436796973772
0.1450448696315906
0.14504615493339165
0.1440632527500648
0.14406533227990836
0.1440677450400036
0.14407009205606852
0.15247931938953066
0.15248208345186118
0.15246708006384246
0.15248856276978293
0.1693403441375611
0.1691892817490661
0.14604789028440401
0.14615818649663084
0.14801956910563105
0.16017691942383122
0.16006768335415028
0.16011903013956708
0.1610323569782887
0.14896845823492666
0.14896154132838443
0.148953612520235
0.1489518859806425
0.14894731456991012
0.14894130642546
0.14893821433027526
0.14794932297000699
0.14794527622075523
0.15081067170027998
0.1582148673194251
0.16711139101207947
0.17563739407717213
0.1829510454456875
0.19213667954177846
0.1499129777257509
0.1499129777257509
0.1499129777257509
0.1499129777257509
0.1499129777257509
0.1499129777257509
0.1499129777257509
0.1499129777257509
0.1499129777257509
0.1499129777257509
0.1499129777257509
0.1499129777257509
0.14892791579778036
0.16098449637861134
0.16098449637861134
0.160989893547576
0.16395455625131405
0.15190511524180375
0.1519107358439472
0.1519158342336787
0.15585017377456079
0.15585434648031496
0.23078300293625506
0.2307946755525831
0.23829038123842558
0.23829219542262065
0.2382936925858921
0.2382947871623993
0.22731570247083346
0.22732173965374908
0.22732778699281234
0.22733397645923809
0.21733263394141386
0.21732974409604913
0.21732710222330553
0.21732399206078262
0.2092867760439912
0.2092832064016931
0.20928102392878176
0.209277136240976
0.18857840948482718
0.1885787494187008
0.18858367918649027
0.18858514190030126
0.1704256632785747
0.17042481334696183
0.17042396344611452
0.17042148840514085
0.14801715041348387
0.1480190509495539
0.14802036928050427
0.148021729386277
0.14704074724722194
0.14704499708064184
0.1470492469381671
0.14705334107134188
0.14606897008631947
0.14606914272225838
0.14606966095458743
0.14606996424132812
0.1452507546122901
0.1450871122895271
0.1450883023538142
0.14508949231844864
0.1441066401863966
0.14424859368138737
0.14411207974465726
0.144210652038999
0.144110077074173
0.14410714989903303
0.1441040294292478
0.14412567865133283
0.1692574476418007
0.16938493899170967
0.1693758911177718
0.16922684934052937
0.1885807493663601
0.20062356082080623
0.20061087859539356
0.20061524309494136
0.22245884083932194
0.21551310065423984
0.7806828867552615
0.21550925900170723
0.21305707798276446
0.1925986839815009
0.1874819397602147
0.18748353350884048
0.1867173002985227
0.18671418421318803
0.1867095779725075
0.18670467625238402
0.19603823962382658
0.21979799710164566
0.23312385620734163
0.24748544893338645
0.19526792365818804
0.19526792365818804
0.19526792365818804
0.19526792365818804
0.1961575288962681
0.1961575288962681
0.23661996735594334
0.24998962502885408
0.7842915968052936
0.21910665724847572
0.21910665724847572
0.19864009208724756
0.19936335423426527
0.21141993481509627
0.21141993481509627
0.21141993481509627
0.22253449382142337
0.21047791324059237
0.21047791324059237
0.21047791324059237
0.23073690739730549
0.23073690739730549
0.23073878280564677
0.2307564847812863
0.23825649431448462
0.2382615913873992
0.23826420471142518
0.23826729318507267
0.22728153462584072
0.22727988324079193
0.22727588248825817
0.2272758660465232
0.21727645222299527
0.2172486589012571
0.21727211749053027
0.2172737555620221
0.20922828187643924
0.2092496636997727
0.20925396801298599
0.15387795895616177
0.15193649139667434
0.151930018747248
0.15194344795791
0.15195041756280359
0.14899914155625002
0.1490010114374994
0.14900307617875239
0.14900532228906782
0.1480232589819837
0.14802495894990841
0.14802665882142318
0.14802820836240885
0.14704228245786008
0.14704245518944195
0.14704210958527444
0.14704280067960476
0.14606316437244743
0.14606862416356844
0.14607387381317127
0.14607968230136864
0.14509462027384204
0.14520151812376725
0.14509646142489852
0.14509799160205242
0.1442158247291985
0.14411387807376536
0.14411456907768938
0.14411513923461047
0.14411479936459456
0.14411564937545504
0.14411666929926192
0.1442514659892362
0.1460840017597492
0.146084413138249
0.146084413290913
0.14626048857212526
0.14810492502658973
0.16014417609099704
0.16006689206788818
0.16005221800497507
0.16100459257845007
0.14893333145506873
0.15846672682893295
0.17527454421832922
0.1977213429049604
0.203107429374642
0.20203013963579625
0.19926614029951986
0.20462938351251825
0.21363738140019897
0.22369427758352783
0.234677572379203
0.2869412274660038
0.2961874868742661
0.3225138205626334
0.31546330038511006
0.19526792365818804
0.23699692727369148
0.2299522730087987
0.23957213375432626
0.2802169306921338
0.26214827490374004
0.26550112303894874
0.26859748998616056
0.2139900159581687
0.21910665724847572
0.7953691434527509
0.21910665724847572
0.22494656068580052
0.2370031412666315
0.2165365761054033
0.21141993481509627
0.22253449382142337
0.21047791324059237
0.21047791324059237
0.21047791324059237
0.23073690739730549
0.23073690739730549
0.23073690739730549
0.23073690739730549
0.23823232637633449
0.23823232637633449
0.23823232637633449
0.23823232637633449
0.22724796167481046
0.227253557493695
0.22725693926830143
0.22726455287757913
0.2172696101750558
0.21727297275504606
0.21727762110358834
0.21728122844126596
0.20925061404026346
0.20925031327923022
0.2092510782665931
0.20925190995752269
0.18855622583773948
0.18855810138256118
0.1885594556581934
0.15193294945091962
0.14898286071363404
0.14898545240724045
0.1489864026690399
0.14899183197909388
0.14801265807132877
0.1480164594332094
0.14802060593609295
0.14802512882973043
0.14704401031317324
0.14704763867798087
0.1470506061699114
0.1470542043925847
0.14607319383788592
0.14607710366787058
0.14608158285201953
0.14608611301169092
0.1450993512976368
0.14511975021640347
0.14522632751843023
0.14511533057665124
0.14424674747529154
0.14412908296935478
0.14412891001517264
0.14428614083193997
0.1525391557131382
0.15254357572130234
0.15254800013277092
0.15255275503804352
0.16927461693806195
0.1694724665821302
0.16945823764465917
0.16941579698439233
0.1886229067897347
0.2007269784122715
0.20064786944898333
0.20064151148355355
0.20200637210445324
0.18995308823935061
0.18992098553494285
0.189925398878608
0.20428159023312675
0.18746242787555487
0.18809561643285103
0.19314557633260226
0.20641541739332908
0.21527382451204374
0.2243115493923566
0.23429814642222146
0.24907484712708053
0.262065220483909
0.2750258709180111
0.2852069740346657
0.19526792365818804
0.19526792365818804
0.21585473324206073
0.20699420345912412
0.23743418203389385
0.2630972785326146
0.3277401551260142
0.32714368351654266
0.1935234507969405
0.19611011888025925
0.21438772528110703
0.2308219450761952
0.19936335423426527
0.21141993481509627
0.21141993481509627
0.21141993481509627
0.22253449382142337
0.21047791324059237
0.21047791324059237
0.21047791324059237
0.23073690739730549
0.23073690739730549
0.23073690739730549
0.23073690739730549
0.23823232637633449
0.23823232637633449
0.23823232637633449
0.23823232637633449
0.22724796167481046
0.22724796167481046
0.22724796167481046
0.22724796167481046
0.2172486589012571
0.2172486589012571
0.2172486589012571
0.2172486589012571
0.20921623029847117
0.20921623029847117
0.20921623029847117
0.20921623029847117
0.18851568320789164
0.18851568320789164
0.18851568320789164
0.18851568320789164
0.14893450313163675
0.1489413928351801
0.14894176996456437
0.14894516976631544
0.14771375489030467
0.14771960055518873
0.14772478524974755
0.14773090487607254
0.14675227641146588
0.14675202133281026
0.14675176634027043
0.14675176633604614
0.14577662262034372
0.14578004223240387
0.14578367717803192
0.1457879269201108
0.14490055081782033
0.14481014056003172
0.1448110833085751
0.14481227334709038
0.1438355740020734
0.14383747455284718
0.14383972067247133
0.14384163421202534
0.14384093008939877
0.14384127561556553
0.14384180411473912
0.1438417939248602
0.14579507416089166
0.14579472857721773
0.14579379142435092
0.14579217656908522
0.14774637134679586
0.1597951113737526
0.1597868904246706
0.1597784407997825
0.16073866860357033
0.14867323702070123
0.1533402728414656
0.16747537366738763
0.19276591364390094
0.20462184285311674
0.2136430894434518
0.22139989439264884
0.27452826705272027
0.2822181273090205
0.2898640341269716
0.29881545234599216
0.3192266795986982
0.3351496291473173
0.3526738756088603
0.3730176520880766
0.2451642221834374
0.306763770817585
0.33314929110130254
0.34610776633065
0.3669429399998527
0.3499821769741655
0.34667512892754837
0.35030425996371944
0.23659608257217546
0.27257136209246147
0.2855104852358677
0.31169855404516394
0.32380696445415114
0.33507337400312087
0.33084742435899755
0.32590039419443007
0.320561018381877
0.2998268120202266
0.2940023221413814
0.28795407545899754
0.29001460219921804
0.2803166805064455
0.2609120177041503
0.24300923800912108
0.2514430889296438
0.24683583468476145
0.24596738308579
0.240405137975052
0.22694039480942338
0.22639788944711006
0.22639788944711006
0.22639788944711006
0.21643225096690238
0.21643225096690238
0.21643225096690238
0.21643225096690238
0.2084275264327023
0.2084275264327023
0.2084275264327023
0.2084275264327023
0.2535148109828371
0.18779643502440058
0.2398923026521729
0.21552955469265297
0.16969963560923626
0.16969963560923626
0.18403503407270022
0.16969963560923626
0.14768891738998924
0.14768891738998924
0.14768891738998924
0.14768891738998924
0.14671020387401418
0.14671289279954097
0.14672456799638384
0.14672703285208286
0.14575576629651102
0.14576043141481548
0.14576483735596935
0.14576905807237608
0.14479238446905454
0.144794679343083
0.14479657721452338
0.14479833410310256
0.143820215567091
0.14382106550940396
0.14382218324883594
0.14382339269934444
0.14382463524966121
0.14382753948736007
0.1438304998892596
0.14383406971861448
0.14578816304300513
0.14578877689636638
0.14578920184663802
0.14578852187187957
0.14773712365737288
0.15978157261023662
0.15975426460129033
0.15975397573694528
0.22450143510597306
0.22671756730901313
0.2207077276391984
0.23730362675398148
0.19941012602178818
0.22450818075276643
0.22528929243092366
0.22565609002423775
0.25355093632768283
0.2675231369032099
0.3028688924449499
0.30763326732172863
0.3037342481358257
0.31494533668297564
0.3232475872293679
0.3606679469025611
0.22734091874257534
0.2547636327438459
0.20257748812759388
0.19453494089169943
0.23776121941074763
0.2683914470490949
0.32736347756948775
0.3575903412151015
0.22190962367840156
0.24188776716600285
0.19279575431184964
0.19279575431184964
0.1986213244479417
0.21067790502877268
0.21067790502877268
0.21067790502877268
0.22174869342571207
0.2096921128448811
0.2096921128448811
0.2096921128448811
0.2298762626068096
0.2298762626068096
0.2298762626068096
0.2298762626068096
0.2373422414432927
0.2373422414432927
0.2373422414432927
0.2373422414432927
0.22639788944711006
0.22639788944711006
0.22639788944711006
0.22639788944711006
0.21643225096690238
0.21643225096690238
0.21643225096690238
0.21643225096690238
0.2084275264327023
0.2084275264327023
0.2084275264327023
0.2084275264327023
0.18779643502440058
0.18779643502440058
0.15160377145388942
0.15160377145388942
0.14866763090596424
0.14867948809039683
0.148685097335701
0.14869291686680175
0.14771985551322536
0.1477225753483525
0.14772502891352163
0.1477268251172757
0.14675168142584524
0.14675465626914663
0.146757801163472
0.14676086104374902
0.1457824613943429
0.14578240245647872
0.14578248745067068
0.14578254772957555
0.14480972361602218
0.14481533334377214
0.14482128302870703
0.14482741921925985
0.14384887836425264
0.14384919899171517
0.14384922389414223
0.14384939658269688
0.14385095154768637
0.14385378856123254
0.14385667844533193
0.14385956830897634
0.14580941538527714
0.145930437304243
0.1458032260376185
0.14579870274201837
0.2083190160706621
0.2254809056980537
0.7906288805666735
0.2254593186596752
0.20636980747970052
0.195757052934421
0.21779104972369645
0.2393683450915876
0.2126255383832886
0.2231165816953773
0.22942627554207806
0.23488868710356617
0.249520896640932
0.25847927958446354
0.2690526503683296
0.27796056950431547
0.28137110687361433
0.29021277647915633
0.29526056569741105
0.3044339874390998
0.1806004592868023
0.2166881263471496
0.23901614908544197
0.261499245414558
0.2789067121769375
0.2917837499096215
0.3063097476372296
0.32215005043653233
0.18908316990868446
0.2558830136798383
0.2338902757435436
0.22639721180075822
0.2252971575252543
0.22601351091954391
0.2096468557754293
0.18923697010914997
0.17903276147524538
0.15917639977733386
0.15265806733175516
0.15160377145388942
0.15551862551778964
0.15551862551778964
0.15551862551778964
0.15551862551778964
0.1574760525497397
0.1574760525497397
0.1574760525497397
0.1574760525497397
0.15551862551778964
0.15551862551778964
0.22639788944711006
0.22639788944711006
0.21643225096690238
0.21643225096690238
0.15453991200181458
0.15453991200181458
0.15356119848583952
0.15356119848583952
0.15356119848583952
0.15356119848583952
0.15160602842612814
0.15161254717843692
0.15161409833628137
0.15161771062113982
0.1486836996875619
0.1486881571772553
0.1486882846698539
0.14868905594331264
0.14772138544830785
0.1477288301711807
0.14773625979696225
0.14774467403078592
0.14676877714457068
0.1467711960596262
0.1467736149764969
0.1467760338953127
0.14580917565154788
0.14582209505930066
0.14583688783867732
0.14585286319465776
0.14501469472488637
0.14486145698953012
0.14485545057668564
0.1448500533014916
0.1438745272269965
0.14387775710421008
0.14401974184094654
0.1438842983945927
0.14388353667057233
0.14388489681243838
0.14388591684631502
0.14397736435276529
0.1458379243844594
0.14583518403713142
0.1458324642722799
0.14582842135285531
0.14778139178597988
0.15982811297895488
0.15981808357813743
0.1598083941415469
0.16076377864025682
0.14869802618793682
0.14869184615228603
0.1486870149179703
0.14868505757537664
0.14868212301994563
0.14867689635495143
0.14867271451168612
0.1650772148909393
0.17603122126205115
0.18512411710063317
0.19461262660216178
0.2059829971655554
0.21261355741084906
0.21619614053205383
0.2189465901574983
0.14964634442193933
0.14964634442193933
0.14964634442193933
0.14964634442193933
0.14964634442193933
0.14964634442193933
0.14964634442193933
0.14964634442193933
0.14964634442193933
0.14964634442193933
0.14964634442193933
0.14964634442193933
0.14866763090596424
0.16072421148679522
0.16072421148679522
0.16072421148679522
0.1636603520347204
0.15160377145388942
0.15160377145388942
0.1516082549278197
0.15554038838983894
0.1555500735919334
0.22990604595614064
0.15556392774594413
0.15752901034907288
0.15753769263043627
0.15754563106730107
0.15755342851870394
0.15558013608435878
0.15557412716978195
0.22644132188508156
0.22643851709017615
0.15460229836752543
0.15460671808504006
0.15460608777512616
0.1546048782383012
0.15362892919179852
0.15363599397573377
0.1536402438641409
0.15364396147197867
0.18787574225287837
0.1516869662088654
0.15166598765599182
0.1516872363394856
0.1487543675921359
0.1487600693477264
0.14876628945426948
0.14877095452530267
0.14779707886902851
0.14780077035719233
0.14780433586378905
0.14780744586620204
0.1468247766359581
0.14682078434436446
0.14681681031817076
0.1468135573165996
0.14583654371079696
0.1458384138250585
0.14584011409044192
0.14584198415178676
0.144861630180323
0.14486007492240635
0.14485800137805574
0.1448568104795765
0.1479756238401294
0.14797579380149545
0.14796765712517354
0.14797562373251563
0.1519212046700127
0.15203235979455582
0.14389311013620437
0.14388370654712623
0.14584708330566368
0.16861049774515405
0.16860739509323128
0.16860399537790813
0.1878977530604625
0.19994404929810985
0.19993350983805774
0.19992241802059207
0.20127529160536758
0.18920333418272428
0.189191287479253
0.1891956354751216
0.23465180681029854
0.24686913632750082
0.2550644389418086
0.2634096994978405
0.2693684537966721
0.2751963715264561
0.28360702876933996
0.29332573367101383
0.28365264404889157
0.28888724952756767
0.29335908915144565
0.3430552226778256
0.20519579234991478
0.19453494089169943
0.19453494089169943
0.19453494089169943
0.23412129106697716
0.2578809659322757
0.8427921956477951
0.26457289686884866
0.2183789607633849
0.19791239560215668
0.19279575431184964
0.19279575431184964
0.1986213244479417
0.21067790502877268
0.21067790502877268
0.21067790502877268
0.22174869342571207
0.2096921128448811
0.2096921128448811
0.2096921128448811
0.2298762626068096
0.2298762626068096
0.2503428277680378
0.25545971023342084
0.8281103874516458
0.26293467014163857
0.26294184124583503
0.24249260437838374
0.22643261865367156
0.22642976774246623
0.22642782393906938
0.22642555521408056
0.21646378399847088
0.21646551152251256
0.2164684586992535
0.21647017663791598
0.20847044875696966
0.20847325361573565
0.20847573269359168
0.20847971320690573
0.18785006676341207
0.1878509479149912
0.18785086148895597
0.1878509478505604
0.1697610018483814
0.16976465668652493
0.14873829896301974
0.1487419164796527
0.14776684238260204
0.14776881267248726
0.14777068262414533
0.14777238248884775
0.14680074195429682
0.14680748036823754
0.14681421878754133
0.1468208671166506
0.14584470356498558
0.14584657339753315
0.1458488095386214
0.14585116311187118
0.14487414972300136
0.14506175924594492
0.1448772093442139
0.1448785691723382
0.1440967039213128
0.1438996854610416
0.1438998554033666
0.1440729765480326
0.14390071245603994
0.143902613021073
0.14390478513905958
0.14390676009275177
0.1458576224516605
0.14599032614447152
0.14585286290947944
0.14584878349840197
0.14779992112295728
0.15984583860639565
0.15983465797336338
0.1598225407383635
0.20128649306574747
0.18921330391520733
0.18920135207095895
0.18919107001920923
0.2116222870087521
0.22303079206249476
0.23196720017356845
0.24025456944470144
0.24456859672579956
0.2514768217849783
0.25958605581897864
0.2897251233587201
0.28175290476800924
0.29401119347750415
0.3043953592629645
0.3143293095831839
0.19453494089169943
0.23953483834799388
0.24244690459103177
0.24682634158065866
0.2748547607306134
0.28483456255479367
0.2956196690020563
0.3044585327173829
0.19279575431184964
0.19279575431184964
0.19279575431184964
0.19279575431184964
0.1986213244479417
0.21067790502877268
0.21067790502877268
0.21067790502877268
0.22174869342571207
0.2096921128448811
0.2096921128448811
0.2096921128448811
0.2298762626068096
0.2298762626068096
0.2298762626068096
0.2298762626068096
0.2373422414432927
0.2373422414432927
0.2373422414432927
0.2373422414432927
0.22639788944711006
0.22639788944711006
0.22639788944711006
0.22639788944711006
0.21643225096690238
0.21643225096690238
0.21643225096690238
0.21643225096690238
0.20843290238087697
0.20844121950470074
0.20845282584207048
0.2084630438914572
0.1516493861747891
0.1516524098346581
0.15165510844599642
0.15165859326691886
0.14872933733829102
0.14873435203434687
0.1487397067078396
0.14874469200484455
0.1477659784055455
0.14776321382030974
0.14776321376967383
0.14776269538223624
0.14679247876488918
0.14680143286994082
0.1468111086117759
0.14682171695753388
0.14584453347723195
0.1458458722712818
0.1458469088550749
0.1458475999068663
0.1448690591161921
0.14489463079125015
0.14489420801087133
0.14489428550673603
0.14391651457605123
0.14405456140481
0.144088940161536
0.14391991446640431
0.1439199143811143
0.14392076423586134
0.14392213757323816
0.14390053973232944
0.14605417451318287
0.14585286275074652
0.14585209233831994
0.14584980319616717
0.18791169263461802
0.19995698746858395
0.19998387428005937
0.1999622051724752
0.20128415820435608
0.21132025097614163
0.1891961036379848
0.18920268256518394
0.23850265154708397
0.20130727345434438
0.22337102930794775
0.22001333008929483
0.21937036658724396
0.22867622038660032
0.27405228935958403
0.2558227206004638
0.2632098337592985
0.2942682345933552
0.284948422651429
0.2949951243163193
0.20546999283287562
0.2371774289039438
0.18935650035550478
0.21671656032894857
0.2804211426064967
0.2818972781858363
0.2870955253764539
0.29001811180295023
0.19279575431184964
0.19419623226641244
0.20334693949433683
0.19279575431184964
0.1986213244479417
0.21067790502877268
0.21067790502877268
0.23114447019000087
0.2473318998772473
0.8004602588532342
0.23527531929641632
0.23527531929641632
0.23499290389711666
0.2298762626068096
0.2298762626068096
0.2298762626068096
0.2373422414432927
0.2373422414432927
0.2373422414432927
0.2373422414432927
0.22639788944711006
0.22639788944711006
0.22639788944711006
0.22639788944711006
0.15453991200181458
0.15454746716703943
0.15455297341016733
0.15456045955012532
0.1535862519894655
0.1535888643611441
0.1535912194917535
0.15359333606525385
0.15163837117026932
0.15164187000015547
0.15164398656771153
0.15164765817530956
0.14871894724646043
0.1487246623847109
0.1487307828074888
0.14873657097995213
0.14775844310795658
0.147757943955523
0.14775768473705067
0.14775759830942095
0.14678244938037027
0.1467853641156336
0.14678839910560687
0.14679145906176536
0.14581788167526344
0.14582311487926491
0.15081214119971503
0.15081804154830875
0.14633029632791575
0.14648970883637857
0.14646162420102804
0.14634218062788876
0.14389345617205107
0.14389475618394706
0.14389611622968648
0.1438971361831832
0.14389691182996026
0.14389815585988974
0.14389934572523524
0.14390053995454
0.14585388283670156
0.14585541282576303
0.14585558282051203
0.1458554128359238
0.18791611204907954
0.19987834865087284
0.19998044595417214
0.19992434374908558
0.20129073722517274
0.18919416455862037
0.18920138320710608
0.19493701195327384
0.2380823694024288
0.23738154143591692
0.2470304671396705
0.2551792022003334
0.26270392232765916
0.26972282277412624
0.27740791149987004
0.28619575925713103
0.2970023657369883
0.30787951588787166
0.31953186795299493
0.3266121494393088
0.19927092216682166
0.21516496497453969
0.22105837706247689
0.23179850908487692
0.24869913165008914
0.2563959203748385
0.26683263013121217
0.2825230108898975
0.19279575431184964
0.20052512082812565
0.2238978980027316
0.200426692807254
0.21179321299905288
0.22491658574044635
0.22233824678920497
0.21887792250256166
0.22174869342571207
0.2096921128448811
0.2096921128448811
0.2096921128448811
0.2298762626068096
0.2298762626068096
0.2298762626068096
0.2298762626068096
0.2373422414432927
0.2373422414432927
0.2373422414432927
0.2373422414432927
0.22639788944711006
0.22639788944711006
0.22639788944711006
0.22639788944711006
0.21643225096690238
0.21643225096690238
0.21643225096690238
0.21643225096690238
0.2084275264327023
0.2084275264327023
0.2084275264327023
0.2084275264327023
0.18779643502440058
0.18779643502440058
0.15160377145388942
0.15161142100933642
0.14867795780634446
0.14867877540117733
0.14867916416036372
0.14867933694091237
0.14770554773101907
0.14770874420652325
0.1477116960428811
0.1477146283719462
0.14673974971305803
0.14674488182562542
0.14674938656656067
0.14675346635698508
0.1457803879321613
0.14578554724951168
0.14579101410236614
0.14579645669367275
0.1449753958694079
0.14484729113057931
0.14484815268385842
0.14495333562253618
0.14387163742096767
0.14387254943699945
0.14387384742550313
0.14399121329604228
0.14403803445183397
0.14389000023980802
0.14402736938634406
0.14406961998058507
0.1458549026735566
0.14600783160683226
0.14584436334299075
0.14583792419203517
0.14791598662718655
0.15999977328826204
0.1999597732386123
0.19995640197908165
0.2013202808401126
0.18925327423412897
0.18924476641139576
0.1892368985722838
0.1867834910764708
0.18677444739443907
0.18676566551586543
0.18675825886320846
0.1882506926751323
0.19930300690061406
0.21040834393013802
0.22221194777019687
0.2398409930925741
0.25578068351996286
0.2671771552313638
0.2778418311484412
0.19453494089169943
0.20349130551290445
0.19453494089169943
0.1982130542938773
0.21650532546982326
0.22531683635896846
0.23474358190005531
0.2432343888885311
0.19279575431184964
0.19279575431184964
0.19279575431184964
0.19279575431184964
0.1986213244479417
0.21067790502877268
0.21067790502877268
0.21067790502877268
0.22174869342571207
0.2096921128448811
0.2096921128448811
0.2096921128448811
0.2298762626068096
0.2298762626068096
0.2298762626068096
0.2298762626068096
0.2373422414432927
0.2373422414432927
0.2373422414432927
0.2373422414432927
0.22639788944711006
0.22639788944711006
0.22639788944711006
0.22640821224638033
0.2164480188689311
0.21644886093708518
0.21645104103989446
0.21645047949466528
0.20845664023704863
0.2084631293932522
0.2084527612529669
0.2084799256865184
0.1878510016806762
0.18782223096372513
0.18785202168305346
0.18785346660983943
0.1487358799895191
0.1487412364045835
0.14874624682865056
0.14875126570190894
0.1477775546108091
0.1477811829907414
0.1477848113773704
0.14778878533129772
0.1468127073906843
0.14681474731648625
0.14681750151209463
0.14682009319453584
0.14585122821146693
0.14586102232124887
0.14587109851707863
0.1458814213551531
0.14490897232506145
0.14491501943828178
0.1449210666303919
0.14492752648816729
0.1439492652307559
0.14395051332109424
0.1439516844086881
0.1439525532410055
0.1441345318333945
0.14394961046727314
0.14394788233768
0.14394615432212374
0.14603724286814262
0.1459070367927946
0.14591099937307364
0.14591405973631447
0.14786978715655583
0.15991828095703403
0.15990902835965426
0.15989882913570766
0.16084554637401388
0.14882049778678771
0.14878787503296495
0.14874260758045812
0.14872677382739014
0.14871814910750797
0.1487110982790638
0.14870446824265468
0.1477204763916816
0.14771675458662578
0.14771327973163512
0.14770947552939565
0.18951690504171764
0.18950998517867712
0.19659186477242183
0.1536032314395091
0.14964634442193933
0.14964634442193933
0.14964634442193933
0.14964634442193933
0.14964634442193933
0.14964634442193933
0.14964634442193933
0.14964634442193933
0.14964634442193933
0.14964634442193933
0.14964634442193933
0.19279575431184964
0.1986213244479417
0.21067790502877268
0.21067790502877268
0.21067790502877268
0.22174869342571207
0.2096921128448811
0.2096921128448811
0.2096921128448811
0.2298762626068096
0.2298762626068096
0.22988006347229006
0.22989131079720138
0.23736085600686815
0.23736266855076874
0.237367725751712
0.23737281524508969
0.22643320187716084
0.2264366791086329
0.2264382912595822
0.22644575017085408
0.21648700529476747
0.21649128861038885
0.21649665562888626
0.21650356687727634
0.20849926203357333
0.208496466578551
0.2084924624775799
0.20849128316254098
0.18786579086547067
0.18786715087142883
0.1878724207262363
0.18787591533137332
0.16978395369914723
0.16978533583677488
0.14875678667935882
0.1487582354634782
0.1477888715422868
0.1477967338514407
0.1478064094999678
0.14781300983484855
0.1468424559098541
0.14684981211202047
0.14685622489579517
0.14686328887742087
0.1458861811856257
0.14588754186094893
0.1458885622076413
0.1458894146284694
0.14491732755684084
0.14492417740831884
0.14493108833426024
0.14493840553640971
0.1441539188672989
0.1439552724250833
0.1439532331143787
0.14395119376084206
0.14395833343930656
0.14396654378101423
0.14423175871803573
0.14398485796207466
0.14592880779272446
0.1459208596349591
0.14601282751605754
0.14599839954915886
0.1478532404288926
0.1599361443047185
0.15991555639490748
0.15988603981025398
0.1608512348941799
0.14873037820296936
0.14871858521302084
0.14870749691440402
0.14868964624033493
0.14868136241126204
0.14867658625986932
0.1486729493590504
0.14769039077231627
0.15327625812501985
0.16317738529387105
0.1733719132435011
0.18395806153395217
0.19651415968609737
0.20680418340118692
0.21658335126040226
0.14964634442193933
0.14964634442193933
0.14964634442193933
0.14964634442193933
0.14964634442193933
0.14964634442193933
0.14964634442193933
0.15376861108351586
0.14964634442193933
0.14964634442193933
0.14964634442193933
0.14964634442193933
0.14866763090596424
0.16072421148679522
0.16072421148679522
0.16072421148679522
0.1636603520347204
0.15160377145388942
0.15160377145388942
0.15160377145388942
0.15551862551778964
0.15551862551778964
0.2298762626068096
0.2298762626068096
0.1574760525497397
0.2373422414432927
0.2373422414432927
0.2373422414432927
0.22639788944711006
0.22639788944711006
0.22639788944711006
0.22639788944711006
0.21643225096690238
0.2164425161656399
0.21644925109270557
0.21645779189678133
0.20845871951724249
0.20846782093190586
0.2084746547750878
0.2084774173084849
0.1878527865465519
0.18785338152486072
0.18785621768929445
0.1878562176620982
0.1487419272162717
0.14875024574105308
0.14875691739684982
0.14876469514143306
0.14779337629511977
0.1477995846464323
0.14780451033389486
0.14781266979769983
0.14683565616148145
0.14683737155198134
0.1468387537156132
0.14684030868610898
0.1458702018310989
0.14587904660257375
0.1458882211724825
0.1458984207509342
0.14505451928516108
0.145176600237799
0.1450894902075113
0.1451927731895653
0.14398145061124834
0.14398349062431925
0.1439855489841694
0.14398831344221322
0.14398831342646726
0.14398969569414424
0.152258972709829
0.15233393621637212
0.16886018775123454
0.16886820303666275
0.1686818508787421
0.16867166310951895
0.18798665794694247
0.20003856281821308
0.20014634439751164
0.15998258744193064
0.16090073374061142
0.14883090286933884
0.18937634795012104
0.18928721424476377
0.18679999886694593
0.18681077614110006
0.18679829989659671
0.18678739486714502
0.18602504337991296
0.18601945008550802
0.18601430614749426
0.1860076785219972
0.18951088454325055
0.20176119396873746
0.21595220528300144
0.22868496513308073
0.19453494089169943
0.19453494089169943
0.19453494089169943
0.19453494089169943
0.19542185035633075
0.20598663229304867
0.213109602111542
0.21347900480725596
0.19279575431184964
0.19279575431184964
0.19279575431184964
0.19279575431184964
0.1986213244479417
0.21067790502877268
0.21067790502877268
0.21067790502877268
0.22174869342571207
0.2096921128448811
0.2096921128448811
0.2096921128448811
0.2298762626068096
0.2298762626068096
0.2298762626068096
0.2298762626068096
0.2373422414432927
0.2373422414432927
0.2373422414432927
0.2373422414432927
0.22639788944711006
0.22639788944711006
0.22639788944711006
0.22639788944711006
0.21644069570997002
0.21644632823944046
0.21645205477447457
0.21645547582439353
0.15359504770879892
0.15359985859783346
0.1536019431047002
0.1536048991707011
0.1516512866717231
0.15165432757582417
0.15165716124858022
0.1516593581056658
0.14873242434800854
0.14874004651257738
0.14874786609659352
0.1487555772411333
0.1477759997221948
0.14777893695024877
0.14777952184956106
0.14777997372222226
0.14681024480154384
0.14681950724684412
0.1468291969725606
0.14683909991146873
0.14586211396636733
0.14586289248589734
0.14586459250670486
0.14586595239592118
0.14489152118649926
0.14501641328758694
0.14507542804075788
0.14490508805220734
0.14392671542045365
0.14392705597218322
0.14392722587128232
0.143927495318517
0.14392875465231109
0.14393181413708228
0.14393487393850668
0.14393793389330656
0.1458899214471742
0.1460584450216137
0.14588754161098083
0.14588618228048286
0.18795165731540095
0.220454047699451
0.22555700472543522
0.790786949248861
0.2269176417026207
0.19440096729044637
0.18928279606050846
0.18927915676228912
0.18691035441878145
0.1868401687028775
0.18683790332024594
0.18688071318905816
0.1860724943151851
0.18608888142543592
0.18606048867955235
0.1860568504734506
0.18956283688256875
0.18955530582825528
0.18954822944863112
0.18954290838319765
0.19457068126857835
0.19457200276686593
0.19457070687974037
0.19457000815853986
0.19544734882472317
0.19544145143377975
0.1954367386610438
0.19543221974671174
0.19279575431184964
0.19279575431184964
0.19279575431184964
0.19279575431184964
0.1986213244479417
0.21067790502877268
0.21067790502877268
0.21067790502877268
0.22174869342571207
0.2096921128448811
0.2096921128448811
0.20970087412985344
0.22988774319190142
0.22988997145080756
0.2298962394362805
0.2298999767516224
0.23736870598155027
0.23737415881211657
0.2373800808391732
0.23738566094177577
0.22644276972092464
0.2264417330015397
0.22644353168893994
0.22639955247895313
0.21648101882116252
0.21647449626162302
0.2164874337579123
0.21649017530726714
0.2084675687822513
0.20849025262577542
0.2084924925944046
0.2084670071794449
0.18786715069104784
0.18787124979130332
0.18784607200880887
0.15168895320529502
0.1487574777042443
0.14875908530556645
0.1487604452824984
0.14876146520379588
0.14779533113234095
0.1478065508647166
0.14781847756359792
0.14783085871101073
0.14685673520579304
0.14686166493355501
0.1468679549623596
0.1468754346168633
0.14589718909898056
0.1458970604476637
0.1458977403252452
0.145898080210537
0.14500515901212982
0.1450603092252951
0.1449259043769838
0.14492888625284608
0.14409794944190898
0.14395099253460808
0.1442096038755593
0.14418817378582516
0.14395099206615558
0.1439520287034425
0.14395306536571167
0.14395425225211525
0.14609826955507946
0.14608028888924596
0.14591133953748944
0.14601947559806913
0.1879747591953545
0.20008722892904213
0.20000797819051028
0.19999469105215445
0.20135600617422456
0.18928891264786263
0.1893044413740862
0.18932824361085246
0.18685863822014592
0.18682045010972312
0.18680904337009152
0.1867994013949902
0.18603987179606182
0.18603751395431264
0.18603241676783733
0.1860308961089454
0.18953758955966854
0.18952969866370195
0.18952115935592276
0.18951713545143312
0.19453494089169943
0.19453494089169943
0.19453494089169943
0.19453494089169943
0.19542185035633075
0.19542185035633075
0.19542185035633075
0.19542185035633075
0.19279575431184964
0.19279575431184964
0.19279575431184964
0.19279575431184964
0.1986213244479417
0.21067790502877268
0.21067790502877268
0.21067790502877268
0.22174869342571207
0.2096921128448811
0.2096921128448811
0.2096921128448811
0.2298762626068096
0.2298762626068096
0.2298762626068096
0.22988408483044684
0.23734987504952043
0.1574951882198072
0.15749653180106124
0.15749822441704586
0.15554903338166337
0.15555626395114677
0.1555639703217157
0.15557184257033566
0.15459124006202107
0.15459528619761925
0.15459757998126833
0.15459870124601266
0.20848292315077527
0.20848485157555255
0.2084888641608338
0.2084924624835436
0.15167890710847556
0.1516834970429907
0.1516874067848854
0.15169165657335287
0.14876520568391893
0.14877372001429354
0.148782704448393
0.14879214861585757
0.14781131019315813
0.14780813741719429
0.14780537272685346
0.14780281074321358
0.14683361694794178
0.14684324671630303
0.1468536754089574
0.14686467148764668
0.14589010449449263
0.14589355997539905
0.14589706001298453
0.14590047127391392
0.14504648788989968
0.14493247004932022
0.14517763819276605
0.14523008245170374
0.14396481456861526
0.143964814574876
0.1441623257368858
0.14396516014844374
0.14419415199963762
0.1439699980596487
0.1439566320519933
0.14396999856492287
0.16868865028347535
0.16891458985637658
0.18912869722463102
0.19423344447180202
0.7787119665362421
0.22559669694805298
0.2255978872801275
0.2257520715901688
0.22703731622084258
0.21488313471118356
0.21492764082543855
0.21487756801636623
0.21242639408583153
0.21241394588668305
0.19192659108917046
0.18682782049753988
0.18604702549741345
0.18604309226178264
0.1860389794670873
0.1860337339235378
0.18954115753217807
0.18953385317188137
0.18952954644324968
0.1895250040486119
0.19454850433582654
0.1945440383623901
0.19453976574785323
0.19453629075645687
0.19542185035633075
0.19542185035633075
0.19542185035633075
0.19542185035633075
0.19279575431184964
0.19279575431184964
0.19279575431184964
0.19279575431184964
0.1986213244479417
0.21067790502877268
0.21067790502877268
0.21067790502877268
0.22174869342571207
0.2096921128448811
0.2096921128448811
0.2096955157380917
0.22988717055460667
0.22989084114327837
0.229893109876471
0.2298977596392442
0.1575095263771094
0.15751310002075164
0.15751864344086283
0.1575235965149666
0.15557314593634294
0.15557956686775745
0.15558602648768455
0.1555927924036332
0.15461711661523536
0.15461952155246528
0.1546213370948939
0.2165073125631502
0.20850521177923143
0.20850657177061238
0.2085078704283726
0.20850878163726705
0.18788403583452767
0.151700184066287
0.1517053674425984
0.15171003248355575
0.14877744418615685
0.14877924837592962
0.14878118431883652
0.14878322437617686
0.147802640780899
0.14779822110902185
0.14779638839701886
0.14779380116976246
0.14682804150616174
0.14684117282154624
0.14685503489939383
0.14687020015473673
0.14589217763798817
0.14589264043207967
0.14589373302481012
0.1458946804229546
0.14491902680181742
0.14516659896988854
0.14492521339634817
0.1450855385047501
0.14394926419819748
0.1439489185915804
0.14394857300079883
0.1439482274210675
0.1440564301484279
0.14412418758784165
0.14396241131173437
0.14396792468070455
0.1459164388168441
0.14591235954797058
0.14590794048028702
0.14607626148260666
0.1478644646161624
0.15991888813647712
0.15991448002265762
0.15990936850398402
0.16089204777296856
0.1894782727989738
0.18950287911170224
0.18928952785675288
0.1868503501098795
0.186856272457386
0.18685644262994985
0.18682307717946076
0.18605579030166572
0.18604605891492218
0.18603531924827524
0.18602473954463006
0.1895319798358005
0.18952581822677472
0.18952107353147601
0.18951434337617468
0.19453494089169943
0.19453494089169943
0.19453494089169943
0.19453494089169943
0.19542185035633075
0.14964634442193933
0.14964634442193933
0.14964634442193933
0.14964634442193933
0.14964634442193933
0.14964634442193933
0.14964634442193933
0.14866763090596424
0.16072421148679522
0.16072421148679522
0.16072421148679522
0.22174869342571207
0.2096921128448811
0.2096921128448811
0.2096921128448811
0.22987753398734867
0.22988459266196484
0.2298869607146276
0.22988928097639466
0.23736118142916451
0.23737014339394374
0.23738110077255092
0.23739453448430034
0.22645024621849352
0.22644973624500433
0.22644901380148266
0.22645003374576406
0.21648966495451474
0.21649259736931778
0.21649678527674687
0.21649756957675603
0.20849767618329348
0.20849841220543155
0.20849819451703638
0.20850096198365237
0.1878787811203605
0.18788606290385315
0.18789362511503793
0.187901573963625
0.14878186379900535
0.1487854683127202
0.1487886634420497
0.14879104345167973
0.14781643079452922
0.14781798569184879
0.14781988619516692
0.14782161393788765
0.14684857538388044
0.146853958929376
0.14685911505997679
0.14686455494011597
0.145891961179148
0.14589808077924965
0.1459042729694916
0.1459101472673246
0.1451915170251574
0.1451160678626263
0.1451188979875003
0.14501737482672103
0.143946773160034
0.1439532336075953
0.14395969317688995
0.1439665436002327
0.14396785260088085
0.1441571779370921
0.14410890393802686
0.1441539101887968
0.14592569769902297
0.14592258745192538
0.1459222417754279
0.1460974396723428
0.14787966878190642
0.1600862194181045
0.1600280719671378
0.15992311784878738
0.16087048720139244
0.1488856352775329
0.1488317495419377
0.14877389184683792
0.14876756322140205
0.14879284971057094
0.14875900028274486
0.14879940063896507
0.1478104566676528
0.14780213789269092
0.1477553724301752
0.14774551034481956
0.14772821145009682
0.1477189831390802
0.14771358460935088
0.14770935215816416
0.14965663587958308
0.14965132225137687
0.1496477698770305
0.14964634442193933
0.14964634442193933
0.14964725152971567
0.1496495529771013
0.14965114663093396
0.14965105274430385
0.1496514441133429
0.14965395146212346
0.1496577408998013
0.14869504175911652
0.21070386864083768
0.2107090769064487
0.2107142403402067
0.22179484564705107
0.20974809436886963
0.20975784232970235
0.2097672565852491
0.22995525212961024
0.22995634082139169
0.22995758041794742
0.22995876621590708
0.2374227022666216
0.23742253095814442
0.2374225727309406
0.23742281664141465
0.1556127149129915
0.15561619982238076
0.15562246805575541
0.15562571940469713
0.15465363560779347
0.15465705881181405
0.1546629332033984
0.15466707981227334
0.15369043955005232
0.15369141052538307
0.15369209077820906
0.15368871212634513
0.1517350860957542
0.15173568385511987
0.1517385739913492
0.1517397640309274
0.14880838342966063
0.14881110313879556
0.14881416263699299
0.14881691518889287
0.14784407598412494
0.1478485681164551
0.14785278726018994
0.14785755288204397
0.14687883918619393
0.14687883906196791
0.1468791845555658
0.1468798534328559
0.14590876519738394
0.1459157592365915
0.14592362446850607
0.1459308811211182
0.1449530249632983
0.14506668002143447
0.14510300886379016
0.1452259796016373
0.14397635126507213
0.14410412187127067
0.1439739717602023
0.14397329244166326
0.14406814745191165
0.14406514252567304
0.15224500313547992
0.15200687991614953
0.16880557423872738
0.16866995155942802
0.16866791160755307
0.16883714178942066
0.18814326448371863
0.20002351931658013
0.20001134669791482
0.2000197797826299
0.20138762470208763
0.18930713631991228
0.14881042269226089
0.14889535495158043
0.14888103729813815
0.14892326237311707
0.14886553662022914
0.1488779307768407
0.14781504951642505
0.14786766668656962
0.14784700257773853
0.14779306434630424
0.1478203902106048
0.14779824007684583
0.14776116291047503
0.14775162225438587
0.14970533707429826
0.14970141956507255
0.1496986445614376
0.14969645129094902
0.1496927433123416
0.14969031749658504
0.14968705690344028
0.1496837517807031
0.1928216777076773
0.19281856156518926
0.1928185615613265
0.19282015979261874
0.19866037320918176
0.21071955242162918
0.21072256919897334
0.21072576065511192
0.16371292150609207
0.15165780907859905
0.1516597528583641
0.15166298176875898
0.22993552689700328
0.2299426902357322
0.22995044375201104
0.2299579002671361
0.237422306555363
0.23742290163305696
0.2374242615996987
0.2374249179323142
0.22648462623744667
0.2264882893201817
0.2264918087955025
0.22649551170015447
0.21653602975143857
0.21654056014449044
0.21654486929610445
0.21654853363885498
0.2085471993274685
0.20854640093300844
0.15368802079359123
0.15369043959759396
0.15173602332545932
0.15173785054306235
0.1879274038987127
0.1879280949350949
0.16982066810251015
0.14880758456901327
0.14880974223237664
0.1488112130842932
0.14783578827902308
0.14783716441225186
0.14783923770236082
0.14784096545298597
0.14686674422203339
0.14687089095965358
0.1468750934113776
0.1468798758293424
0.14590793977111222
0.14591609978414538
0.14592431593722058
0.1459334386071074
0.1449560854123228
0.14513486013721094
0.14505180640309007
0.14495948477410694
0.14397737166077515
0.1439739722836598
0.14397023307274312
0.14396688990485634
0.14418152139971413
0.14396309199640436
0.14413399190436216
0.14396071192434426
0.1461625358744205
0.14607896840821416
0.14603327790929574
0.14591371961367097
0.14787726628242126
0.15993078693044027
0.15992704738949326
0.1599222881884445
0.16097965613013734
0.14880879455880747
0.1489052046715382
0.14882717558660627
0.1488297707610029
0.14884459392645946
0.14881332422934246
0.148802230757189
0.1478088769121748
0.1477635980278911
0.14775422905703037
0.1860443732607099
0.14772920488226746
0.1477191002847554
0.1477138845075007
0.14771027759311003
0.14965671377918555
0.14965784704323495
0.14965950826806573
0.14966103090989433
0.1496659782104846
0.1954373194078581
0.19543822148149714
0.1954394017812807
0.19281118087035543
0.1928049765713384
0.19280514935284393
0.1928036591042947
0.19863900336749796
0.21069724135024154
0.2106986437649467
0.21070003402658932
0.221748960081891
0.2096921128448811
0.2096921128448811
0.20969882743910495
0.22989262143267977
0.22989813789376387
0.22990142929270183
0.22990815396566827
0.23737466195939053
0.23737950491651205
0.23738255736039615
0.2373897998438233
0.22644818779736547
0.22645037377356594
0.22644982128956045
0.22644990627608572
0.21648996242933366
0.21649176092073635
0.21649043541956567
0.21649147208323882
0.15363638878522742
0.1536431334779276
0.15365367287736548
0.15366106755053638
0.15171055114663176
0.1517163651856823
0.15172238654716255
0.15172905369999612
0.14879274312606136
0.1487910432704447
0.1487889240237635
0.1487870233287763
0.14781746718913655
0.1478252491254657
0.14783306898106405
0.14784173847060858
0.14686625514303644
0.14686899167988307
0.14687203461206194
0.14687509441659827
0.14589434096870207
0.1458919612624335
0.14588941400297656
0.1458870311258368
0.14508232347437286
0.1449186866573442
0.1449245223640534
0.14493039679578784
0.14395410213771803
0.14395663203914758
0.14395901225363691
0.14416389353197173
0.14396550616414314
0.14405659916816915
0.14407412985781026
0.1439811105846151
0.14593003882819472
0.16888923331198502
0.16867131741965952
0.16863799336796492
0.187951470088894
0.19999666183957843
0.20004284376748463
0.16001674687195178
0.16083844500976188
0.14877149495066092
0.14880544078410837
0.14875507485916883
0.14873376945862085
0.14872197781502922
0.14871311444439111
0.148705535844829
0.1477217680042377
0.14771575686658464
0.14771427416269176
0.14771016896033898
0.14770505223436334
0.14770170913299954
0.14769656693757388
0.14769135289604532
0.14964710486163663
0.14964634442193933
0.14964634442193933
0.14964634442193933
0.14964634442193933
0.14964634442193933
0.14964634442193933
0.14964634442193933
0.14964634442193933
0.19279575431184964
0.19279575431184964
0.19279575431184964
0.14866763090596424
0.16072421148679522
0.16072421148679522
0.16072421148679522
0.1636603520347204
0.15160377145388942
0.15160377145388942
0.15160377145388942
0.15552975560568588
0.22988455399043814
0.22988829873342995
0.22989079738240642
0.23736029391316932
0.23736453781727906
0.23737106889755538
0.23737778408501162
0.22643441350966664
0.22643518509902097
0.2264362039713229
0.22643690211643255
0.21647347353164753
0.21647372850964486
0.21647385599131744
0.2164725385749015
0.20847342372423247
0.20848065710692631
0.20848404806098939
0.20848770287404633
0.18786071018912706
0.18785846395938932
0.1516730572037894
0.1516749971257853
0.1487413226082621
0.14874279120396458
0.14874417341717872
0.14874538285475783
0.147769662382366
0.14777153233566895
0.14777391240710439
0.14777697251935468
0.14679763224202924
0.14679728650734716
0.14679711359205552
0.14679780461681674
0.1458201277115871
0.14582090496370134
0.1458216828674755
0.14582226493274766
0.14494317197509587
0.14484508128493215
0.1449388185780091
0.14484644117543463
0.14387064866029275
0.14387168527325273
0.1438727219039353
0.143873931329836
0.14387272181803112
0.14396320321643719
0.14387435704121182
0.1438757171405935
0.14582945798664265
0.14593041695174913
0.1458301489566825
0.14582974436721508
0.14778757623028263
0.15984173774826024
0.1598395021657911
0.1599760491330231
0.16081481590588007
0.14875816885893173
0.14875857536857207
0.14875959539308026
0.1487616352549886
0.14876300678201995
0.14876452514323774
0.14876594433065587
0.14778547184692473
0.1477832620448551
0.14790719030675098
0.14777136251364528
0.1477718724573039
0.1477720424091722
0.14777255233225453
0.1477780730815602
0.1946126262296834
0.19460871911178299
0.19457951879486887
0.1946038810908459
0.19548577982128287
0.14971349040052667
0.14972288717688229
0.14972236874533285
0.19286731999749532
0.19286664008134974
0.1928656448713598
0.19286579013921076
0.19869442011098265
0.21074913079565935
0.21074964078790942
0.21075066071240003
0.2218152444678642
0.20975690631662094
0.20975517902308566
0.20975449903791296
0.22991954458155286
0.22993017067209356
0.22993337916058917
0.22993509511204716
0.23739995297881378
0.23740055551712072
0.23739839570347443
0.23740105788623914
0.22646027572372687
0.22646164619365808
0.2264640155626463
0.22646554567062666
0.21650291934016444
0.2165020553145888
0.21650188244303192
0.21650214154282435
0.20850011206597122
0.20850011204921812
0.20849067840533392
0.20850113190640426
0.18787263197279588
0.18786433839404976
0.18787335522471216
0.1878469738114066
0.1697681414265801
0.16978191069133478
0.16977462322380532
0.16978429897131223
0.16329923511639416
0.16329807056619636
0.1632984160191688
0.16329804530484704
0.14679740908868352
0.14679757926360307
0.14679745965201238
0.1467979777930247
0.14582447504659254
0.14583032213961208
0.14583654406523847
0.14584368361746827
0.14486514016678553
0.14486548018447581
0.14486429031064413
0.14486582024831604
0.14401996878711235
0.1438894863174818
0.1440742218902144
0.14389203622184343
0.1438881266147439
0.14388591674017967
0.14388370700741882
0.14388205265757856
0.1686046756599635
0.16860603557105588
0.16859175647872926
0.16860877034097638
0.18790727269038035
0.19993825991955064
0.1999522938563757
0.1999471943313107
0.20129886240235254
0.18924492874441282
0.18921500478885428
0.18923178490277134
0.18679359131770773
0.1867934763985745
0.18679095327552858
0.18678750429143273
0.18601290567602155
0.18600262482764193
0.1911882042612238
0.2058230934811412
0.22511011524854968
0.23540664181026544
0.24279059655494467
0.2503186060021813
0.19453494089169943
0.19453494089169943
0.19453494089169943
0.19453494089169943
0.19542185035633075
0.19542185035633075
0.19542185035633075
0.19542185035633075
0.19279575431184964
0.19279575431184964
0.19279575431184964
0.19279575431184964
0.1986213244479417
0.21067790502877268
0.21067790502877268
0.21067790502877268
0.22174869342571207
0.2096968643687339
0.20970541711075372
0.20971416422828015
0.22990021208697528
0.22989948747837738
0.22989819131324532
0.2298967464063678
0.237368441153111
0.23735983540838884
0.23736334253673277
0.2373853939143983
0.22644851473631297
0.22645007628959893
0.22644999127950577
0.22644937858935416
0.21648996241044982
0.21649055743412418
0.2164971871462299
0.2165041567705123
0.20849960221297534
0.20849739237638845
0.2084949275342436
0.208492838324216
0.18786681088933277
0.1878700406881164
0.18787301548290553
0.18787608780746973
0.1697768110865782
0.16977445062187352
0.1487420866059802
0.14874158200601867
0.14776044944082797
0.1477568209377777
0.14775345162773798
0.14775028365580406
0.1467756883998744
0.14677948956797457
0.14678295936959695
0.14678726472640544
0.14581269794254326
0.1458166718959426
0.1458209914135555
0.14582515441212143
0.14484610095223394
0.14484593100311394
0.14484644099135593
0.14484729091647067
0.14386874787273538
0.14386892061848158
0.1438696117164335
0.14387013004048715
0.14386857726136992
0.14386840727173802
0.1438685772580662
0.14386874775960687
0.14582311453551922
0.14582413457445945
0.14582515453692696
0.1458258344696702
0.14778666145608385
0.1598407011942382
0.15993881359391088
0.15994683256888828
0.1608088748041659
0.14875177582154805
0.18926990616250028
0.18926817831264944
0.18681194997409364
0.18682758910581115
0.18682744963865186
0.18681535482674802
0.18606942670299836
0.1860558138107724
0.18606822306166962
0.18606805304861776
0.1895818274596044
0.18958174103515357
0.18958122846826006
0.189580888488181
0.1497225412907894
0.14972547856018217
0.1497281092700435
0.14972997919075548
0.14972946922097363
0.1497308348608941
0.149729279787517
0.1497281092886157
0.14972807036641564
0.1928700505931609
0.19286806357634148
0.1928707416762201
0.19870002955549076
0.2107564403575254
0.2107593302930018
0.21076171011385295
0.22181099472327293
0.20976390399143124
0.20976744596994285
0.20976727313533872
0.22994425838561974
0.22994289848080787
0.2299419198546681
0.22994105591326042
0.23740411758401336
0.2374034063233017
0.23740383825592273
0.23740377759143963
0.22645959561751267
0.2264576720889629
0.22645836319333537
0.22645801760835974
0.21649463704292515
0.2164953169950598
0.21649514699184666
0.21649642197946126
0.2084945023489908
0.20849433248023996
0.2084950845375406
0.20849404776793043
0.18786698084477083
0.18786902073878506
0.18785569946074526
0.18786936062665055
0.16977970082645472
0.16978021089143192
0.16978208080290297
0.1697832706769848
0.14777479032135782
0.14777392632517045
0.14777272222194493
0.14777150727237048
0.14678771904666046
0.14678295935645122
0.1467786256085295
0.14677551550299753
0.14579931619854164
0.14580146727497525
0.1458037133907692
0.1458059595129539
0.1449645028342996
0.1448372672772007
0.14484338122179047
0.14503625688789887
0.14386892073180055
0.1438661976017069
0.14386408285742924
0.14386194799980453
0.14386347813128395
0.14386636802480318
0.14397710776433467
0.14387265761273416
0.16859321991038265
0.1685917565132196
0.16859062817858467
0.16858937672456203
0.1478896672009988
0.15982862317412014
0.1598222135195757
0.15981469739543833
0.16077181305469648
0.14870676611508651
0.1487013313698866
0.1486960364257756
0.14868109714750433
0.14867682166370458
0.1486763747561483
0.1486745951765152
0.1477023080391827
0.1476999818989544
0.14770047446088685
0.1476988511703698
0.14770268106020382
0.14770106616639214
0.14769801184535364
0.1476946332976904
0.1496530181489545
0.14965307214292203
0.14965353711489282
0.14965342024818712
0.19542224991612878
0.19542185035633075
0.19542185035633075
0.19542185035633075
0.19279575431184964
0.19279575431184964
0.19279575431184964
0.19279575431184964
0.19863356372290075
0.21067790502877268
0.21069800860565965
0.21069310475027528
0.22177857806384466
0.20973517894408997
0.20974075115464452
0.20974472512054876
0.22992896034194055
0.22992630391498983
0.22992211738668505
0.15556952444923605
0.15753043587384072
0.15753449622355947
0.1575371743127187
0.15754179604799695
0.2264533911159833
0.22645231595311613
0.22644982130819277
0.22645119282307424
0.21649336225244187
0.21649877219585234
0.21650723848312034
0.21651367597177415
0.15365401284222957
0.15366047257821988
0.15366591229841636
0.15367143371418499
0.15171366099581707
0.1517126242134781
0.1517115449201903
0.1517105511213699
0.14877682938804254
0.14877821154004783
0.1487792481513927
0.14878135379028284
0.1478038302161915
0.14780364467991358
0.14780349051474645
0.14780349075469132
0.14682735051066434
0.14682987680900234
0.14683242680987815
0.14683497659410857
0.14585917668753767
0.1458621138002128
0.14586510254706278
0.14586816298372696
0.14504758267104897
0.1448928490244749
0.14489497733906526
0.14504829995429172
0.1439195746593937
0.14392059443935024
0.14392161935556852
0.14392196477684266
0.14414987864796378
0.14392365410869246
0.14392507518646555
0.1439268028041311
0.1460455420640201
0.14606618044477412
0.14588295094518766
0.14588388434732977
0.14794172800147068
0.15988556939178972
0.1598759653089103
0.160040382018834
0.16089260181493237
0.1487550587639303
0.1487881826264928
0.1487400181168206
0.14871979480785671
0.14871197422837573
0.1487074760613683
0.1487039024488211
0.14771894468714813
0.14771382026297503
0.18601043608661044
0.1860035450760871
0.20322175757405483
0.18951006166963394
0.3004514855765405
0.2969174694829143
0.19453494089169943
0.19453494089169943
0.14964634442193933
0.14964634442193933
0.14964634442193933
0.14964634442193933
0.14964634442193933
0.14964634442193933
0.14964634442193933
0.14964634442193933
0.14964634442193933
0.14964634442193933
0.14866763090596424
0.16072421148679522
0.16072421148679522
0.16072421148679522
0.16367485136297147
0.15163149109528715
0.15164048922031892
0.15164780215618023
0.15556674538225773
0.15556663017557082
0.22989918993444702
0.22989302515058901
0.2373574130058654
0.23737377449506786
0.23738037200866566
0.23738303893102716
0.22643766702763607
0.22643702467558663
0.22643741206838286
0.22643866613525335
0.21647847993745647
0.2164830779116087
0.2164889425720098
0.21649626688635987
0.15362910935072582
0.15362842937989682
0.15362817440316168
0.15362757946282968
0.15167550713532546
0.15167772235252658
0.1516827329799901
0.15168638636930692
0.1487513439082181
0.14875765040366454
0.14876300659982414
0.1487666349820299
0.14779244084810053
0.14779552389271006
0.14779811557631156
0.14780145030053896
0.14682579663387846
0.14682873232943605
0.1468314967884301
0.14683429601556106
0.14585900348348865
0.14586211350108608
0.14586527191439685
0.14586850213955257
0.14489307642900862
0.14489658823869558
0.1449003330667611
0.14490447963277364
0.14392926367623765
0.14393079405003983
0.1439321545571513
0.14393317479026554
0.14392943530628913
0.14392671546746882
0.14392403939203413
0.14392093483290053
0.14587939223088084
0.14588422990121594
0.1458895809028668
0.16866043279343373
0.18812772294214902
0.1598995089995301
0.15989185930225522
0.16004427710146546
0.1608447752939799
0.14878041906774261
0.14882539016393379
0.14876420073506744
0.14878840956153502
0.18688778787235502
0.1868121583898706
0.18680661203308752
0.18604299107423453
0.18603795493434472
0.1860338169126513
0.18603026197100128
0.18954396834882226
0.18954110567376922
0.18953658511777424
0.1895314216730494
0.19454993648122249
0.19454500216281892
0.19454289428898588
0.19454153902515506
0.19542440020304344
0.19542185035633075
0.19542185035633075
0.19542185035633075
0.19279575431184964
0.19279575431184964
0.19279575431184964
0.19279575431184964
0.1986213244479417
0.21067790502877268
0.21067790502877268
0.21067790502877268
0.22174869342571207
0.2096921128448811
0.2096921128448811
0.2096921128448811
0.2298762626068096
0.2298762626068096
0.2298762626068096
0.22989585160211107
0.23736465885278415
0.23736810115672963
0.23736867718316848
0.23737111847705625
0.2264302429929506
0.2264349513024567
0.22643870930369275
0.22644047191108863
0.2164802845779326
0.21648307796921043
0.21648296268843928
0.2164875413891053
0.2084865316400108
0.20848753281482765
0.15363038441793217
0.15363004455256823
0.1516767822965021
0.15167941712495842
0.15168094715992614
0.15168221509515245
0.14875298572499915
0.14875903298752127
0.14876542582038596
0.1487725097909366
0.14779759739274123
0.14780009055859122
0.14780230053328208
0.1478053727123156
0.14682545673518513
0.14682424006943703
0.1468228577488837
0.14682154693997918
0.1458441443838013
0.14584487333488627
0.14584589329681194
0.14584691318529056
0.1448675196681862
0.14486871360388404
0.14487113249002911
0.14487448923212995
0.14389691147671102
0.14389815560426958
0.14390002546869998
0.14403474638949298
0.1439933955611981
0.1439088331886895
0.15196642193610158
0.1519705020547311
0.16871387839599283
0.16862337448076076
0.168616914905676
0.16858786344624122
0.18791135250309438
0.1999653869755718
0.19993546500176199
0.1999597736962512
0.20134186989557906
0.1892671419346714
0.18928528908007863
0.18928580227437256
0.186845777935952
0.18692143042866782
0.18684203825273324
0.18683755745343983
0.1478951086560711
0.1477749629315614
0.14777229718959403
0.14777059733211212
0.14777122025192166
0.14782131965205295
0.1477734078864585
0.14777697204508844
0.14973507927254326
0.1946167062231558
0.19461563051108904
0.1946147664908212
0.19550236700205242
0.19550046632872262
0.19550242545765315
0.1955015030701764
0.1928758194940207
0.19287609820680582
0.19287661647797358
0.19287751932952643
0.19870425999004454
0.21075807599413568
0.210756002563326
0.2107537563609837
0.22181797901461056
0.20976214847878868
0.2097626585535203
0.20976329921265915
0.2299453755364953
0.22994572106140482
0.22994753524046044
0.22994893306154912
0.23740893533328722
0.2374104903483542
0.23741040713213446
0.2578653063078392
0.2520314618327236
0.8171999871014192
0.25202385941774597
0.25202221798542457
0.22160481870741586
0.21649412708420718
0.21649669868607235
0.21649786688402015
0.2084955223413841
0.20849473889213108
0.2084936525986043
0.20849263278904456
0.1878632413886753
0.15167516762817487
0.15167737741030077
0.15167858654828825
0.14874244589046606
0.14874344659308225
0.14874244605354145
0.14874123666728292
0.14776528736682104
0.16328856740035783
0.16328943124524903
0.163290735475153
0.14679089317331875
0.14679315871854126
0.14679503991187826
0.14679728603535797
0.1458197819559664
0.14582090480796767
0.14582192493286314
0.14582306512411983
0.14484491129338273
0.1449777040383927
0.14494571705895545
0.14484661107878682
0.14386738758185513
0.14386721759885399
0.1439764026180998
0.14386653769179505
0.14386500786155088
0.1438650079589671
0.14386477423651348
0.14386466795739697
0.14581874561049438
0.14581971519137552
0.14595587616074834
0.14582481483047927
0.14793889086140383
0.15996776851354572
0.15984018262196453
0.15983950209828465
0.16081112086839186
0.14875246686572374
0.14874990571864988
0.14886528397312804
0.14873868646707059
0.14873283836554935
0.14872594491773783
0.1487194776942043
0.1860330560499717
0.18602586398311433
0.2004212221128388
0.18601405506788182
0.18951519178266824
0.229083069879062
0.20028449688273453
0.21010950966943823
0.19453494089169943
0.19453494089169943
0.19453494089169943
0.19453494089169943
0.19542185035633075
0.19542185035633075
0.2453543759521264
0.20631079721975767
0.19279575431184964
0.19279575431184964
0.19279575431184964
0.19279575431184964
0.1986213244479417
0.21067790502877268
0.21067790502877268
0.21067790502877268
0.22174869342571207
0.2096921128448811
0.2096921128448811
0.2096921128448811
0.2298762626068096
0.2298762626068096
0.2298762626068096
0.2298762626068096
0.1574760525497397
0.15748645377895465
0.1574890779919793
0.15749343636570265
0.15554283662708138
0.15555347337295503
0.155562857795731
0.15557457954169732
0.2164835878221663
0.2164870229632546
0.21648970741985682
0.21649255195579015
0.20848178002380613
0.2084785835389677
0.20847690837013347
0.2084777583829894
0.18785189819397163
0.1878607100587615
0.1878746302041887
0.1878912924483033
0.16979622079708595
0.16979449293094642
0.16979244975850186
0.1697903461874684
0.16331606376441543
0.16332744312927608
0.1633393650301183
0.1633519780604344
0.15512103379255063
0.14684117248951065
0.14683668014599044
0.1468254564521568
0.14584572305263904
0.14584483528626796
0.14584379856614557
0.14584283334728024
0.14487286044157185
0.14488305449386912
0.14513948210201336
0.144903788199322
0.14411243155093098
0.14391923405465093
0.14391617448797195
0.1439133258252615
0.14391277496245009
0.14391379529846224
0.1440306942702881
0.1439144751619716
0.14607699486611847
0.14611049026957915
0.14599816452005648
0.1459046183883434
0.148110566341208
0.1599233073536966
0.1601665693125723
0.16017622081355212
0.20140799570464962
0.18934563564350815
0.18933968618996852
0.1893257470596175
0.18686532713255585
0.18684883822548543
0.18683506907531508
0.1868231735253655
0.18606320678171023
0.18615708705061304
0.18615852250378806
0.1476905402602311
0.14774650138552287
0.1477440144945765
0.14774209116935788
0.14773974429170303
0.14969309158246433
0.14969249662074535
0.19457633338340904
0.1945769283381208
0.195463072843519
0.19546452760068933
0.19546521871240669
0.19546757754823457
0.19284318306097306
0.19284241643980346
0.1928407165688179
0.1928390363111498
0.19867689251779308
0.2107419992604742
0.21075125558675883
0.21076145492003018
0.2218335295176393
0.20978075009018693
0.20978586197511825
0.20979128975200825
0.22997927615025487
0.22998338751014333
0.22998546083445218
0.22999032540676406
0.2374634439648405
0.23747262368376798
0.2374809859008122
0.23749152539039364
0.22654408037445126
0.22653932081486866
0.22653694131942706
0.22653014190334073
0.21657198312042028
0.21657504300394437
0.21657742269035435
0.21657912231376986
0.20858579513153863
0.20859377619912334
0.2086020364602737
0.20861009530768693
0.1879775110483393
0.18797628436213967
0.18797424511642818
0.18797163720101848
0.1698777856001791
0.16987829338238927
0.16987760174664038
0.16987621917933463
0.16339102704564093
0.16339051961160642
0.16338964538655307
0.16338860833767307
0.1468856336348203
0.14688333245329535
0.14688056748038503
0.1468781535413463
0.14589841997173433
0.14589672012520025
0.14589468044877144
0.1458933207986535
0.1451456954184894
0.14520506708901607
0.1452033201601146
0.14504387086717965
0.14396003212542416
0.14396241190360393
0.14396481494519373
0.14418164343472997
0.14411209494454186
0.1439362332944192
0.14392382447231214
0.14391315342555774
0.16881968377368783
0.16864557252530835
0.1686879702037196
0.1686961977985356
0.1880000349518469
0.2000575177480399
0.2000569619688575
0.2000552337134195
0.20165791483726556
0.18935515465202518
0.1894634856176663
0.18932898697349262
0.1868691765770687
0.18685614729701833
0.18688957099350148
0.18683404872502218
0.1860679206363511
0.18606603538473257
0.1477443340284027
0.14782561760786028
0.14774943384062872
0.1477568708944934
0.14775113369471118
0.14775155864285755
0.1496658932463075
0.14966530730175992
0.14966506454445228
0.1496652641094745
0.1496689530638832
0.1496745627333616
0.19544739133058464
0.19545219355094504
0.19281506277312893
0.1928049009916227
0.19279771981942362
0.19279575431184964
0.1986360710706858
0.2107024833632961
0.21071335828691842
0.21072405728054913
0.16372131884402838
0.15166968504317935
0.1516735214931375
0.15167576221478576
0.15560515057646543
0.1556145965880398
0.15562523277335
0.1556330288899506
0.15759466784312406
0.15759606545361354
0.15759978512549244
0.15760356606605613
0.15563693852524588
0.15562809930915905
0.15562027982126747
0.15561434733030277
0.15463891651811595
0.15464156598018122
0.1546441158190378
0.15464669157897837
0.15366285233977733
0.15365894278242523
0.15365778414569287
0.15365812955665073
0.1517049154370515
0.1517086552011744
0.15171239506669223
0.15171630497211155
0.14878633267592056
0.14879138351717627
0.1698240681453328
0.16982991353635932
0.14409997692162688
0.1441023957595789
0.14410464184793068
0.14410696677218449
0.14322439482192145
0.14322698643235104
0.14323026920688717
0.14323372478127572
0.14234155555632202
0.1423348170404341
0.14232807853066404
0.1423218583737189
0.1415655642080405
0.14144489398019616
0.14144955908017018
0.1414545757721014
0.14057118252028142
0.1406868538659525
0.14057577285293796
0.14080571030944258
0.14058918259802894
0.14060263115644686
0.14061769188738205
0.14063289645493876
0.1424884687375159
0.14238165709653505
0.1423721380836212
0.14253935960832004
0.1441389257755598
0.23588944587592522
0.23561314779756354
0.23561212763124695
0.23700737687317422
0.22509081468181702
0.22494872261666948
0.2249509687082962
0.22186901613941926
0.22187003645313585
0.14515562301491822
0.1450105897526763
0.14410900730978063
0.14409536149415778
0.1441627528108582
0.14408418881989254
0.14406871971204913
0.14406331369541986
0.14405716032026017
0.14405146723688117
0.14581053757080312
0.14580388861642088
0.1457888532917747
0.14578302241442972
0.23238701789937055
0.23240077905773052
0.23240939316530254
0.23241785942517734
0.22908782153793444
0.22907990413906967
0.22907293466429518
0.2290670878091582
0.23678455864844017
0.2488363701953174
0.24883373542176634
0.24883154990452921
0.2617783487864047
0.2497272001297149
0.24973043000012587
0.24973466087651972
0.2738613090811153
0.27386990378887904
0.2738823881015157
0.2738919007816894
0.2826207296793042
0.2826142703104499
0.28260968075908577
0.2826049493520686
0.26947472699013464
0.2694810481622041
0.2899410473945521
0.2950591230821383
0.8479875729449391
0.2828204275967082
0.28282595651934084
0.28283187137104543
0.25260730931493375
0.2474927084519155
0.24749134888395222
0.24748964893262262
0.1476541413681374
0.14764170016440153
0.14766208823152804
0.14766623479367527
0.14501738869838465
0.14502393789070311
0.14503030817746468
0.14503710806820247
0.14415116453097002
0.1441494646804279
0.14414844488185763
0.1441474251169104
0.1432641353512931
0.14326556101837748
0.1432672608152109
0.1432693182947153
0.1423870975327683
0.14239062716401743
0.14239373670765207
0.14239719206321905
0.1415055737955575
0.14166863744860947
0.14149880281643049
0.141685830709895
0.14089862662000682
0.14062064999466503
0.14062494889024652
0.14072861871853212
0.14063152935205078
0.14081934298146842
0.1407409018342606
0.14064274906742136
0.14252526955481354
0.1426062952923243
0.14260985333598514
0.1424120514894236
0.14418429509196554
0.15623465543611867
0.15622644401271618
0.15633290075259149
0.15706693590413195
0.1450477943691826
0.14504677326099985
0.14496498624404835
0.14494843262056503
0.14500277281255128
0.14496331706651813
0.1449422536800464
0.14409294461923786
0.14407921055046438
0.14403843888165996
0.14403162627892982
0.14402317538951914
0.1440137428741267
0.1440058232243495
0.14399832951143304
0.1457657745282074
0.14576249870353622
0.14576096616697748
0.14576034803652183
0.14576160363667595
0.14575958577204737
0.14575766606508406
0.14575529029244794
0.14575416719782353
0.14575223291443545
0.14575403905716042
0.14575706130002014
0.14489635642342463
0.15695738410687204
0.15696017595832723
0.15696265523758712
0.15962016710422827
0.14756857154534186
0.24971421419994164
0.24971880074872466
0.2738335232558357
0.2738356639976395
0.2738378813272866
0.2738400763323981
0.28257942203643577
0.2825851900865772
0.2825915480701763
0.28259982092363467
0.2694645274529753
0.26946367760172224
0.2694630787566052
0.269462997617708
0.2572207109382875
0.25722339896300234
0.2572320379161877
0.2572373609249167
0.2474694192022286
0.24746873920859827
0.1493996025950116
0.14940086906640324
0.14763409740968328
0.14763582509478335
0.14763686169036308
0.1476413539489899
0.14499155036292372
0.14499905748839403
0.1450021674084896
0.14501011527198138
0.1441263456562222
0.1441253261610113
0.1441257219168869
0.14412532617156754
0.14324046402600654
0.1432407426117228
0.1432417627429339
0.1432424427569635
0.14235887907755554
0.14236091872007914
0.14236367211849416
0.1423671275799117
0.14148585458893237
0.1417463810432998
0.14170067370745404
0.1417908847581757
0.14061113006991846
0.1406094301629816
0.14077545453840726
0.14060569079450397
0.14060535106822664
0.14060603116923331
0.1407943948381945
0.14060807063743805
0.1423785976821593
0.1423816574072778
0.1423871705064877
0.19997313952691692
0.22357730531501352
0.23572740792506408
0.23584758736381906
0.2356094074233135
0.23699120284355824
0.22497458024016023
0.22491943620117844
0.22504914324957806
0.22183787569839059
0.22182009450773046
0.22178317514333742
0.221778496756364
0.22117027599379685
0.2212472712156694
0.22121692813420277
0.22122159601785168
0.2256481956076261
0.22561841204119382
0.22561061224686574
0.2256057585401691
0.23122840505281392
0.23122367105433156
0.2312205231295446
0.23121714235941826
0.23233280741738296
0.23233329867550084
0.23233342068047982
0.23233250698682298
0.2290202379214703
0.22902549046348927
0.2290279724554621
0.22902899239641977
0.14489061921394267
0.15697390242312267
0.1569901322893153
0.15701196791634928
0.26181460492731085
0.2497645605839973
0.24977054738410692
0.24977700091603405
0.27389429995681
0.2739004672801644
0.273906467101787
0.27389628626915685
0.2826179075047622
0.28262723764646414
0.2826267192231136
0.28262208917132586
0.26948645575746333
0.2694840760911437
0.2694817390500011
0.2694779563981376
0.2572310009419913
0.25722826622026007
0.2572271996722625
0.2572114764392386
0.2474697588116243
0.2474801281824932
0.24749150825453986
0.24750341699849512
0.2221258949546774
0.22212885490814077
0.22213194269389128
0.2221339546065741
0.20031492664166975
0.20031559569714902
0.2003213762811178
0.20032460363546045
0.1924776910740454
0.19247939088697427
0.1924804106435069
0.19248177033479755
0.18243219304017175
0.18243117301773468
0.18243049308352363
0.18242947322828415
0.17738113402643427
0.17737953369995976
0.17737871513461484
0.17737749395386093
0.17204560621455495
0.17226236427848157
0.17203767408029166
0.17213783330784738
0.14083554459845524
0.1408334433686202
0.14059481165749718
0.14059592158575054
0.14060297141299774
0.14083370136094364
0.14073318016798828
0.14063084913773918
0.14239049738654974
0.14238302456176616
0.14256305856565762
0.14264443433753823
0.1441453848072742
0.1561994079198459
0.2356148643459169
0.23561110744679492
0.25746288386210997
0.2507403126636403
0.8156892234721317
0.2506502733323987
0.22697052810545426
0.22185099714576653
0.22184589785979228
0.2218418185962679
0.22123670827885492
0.22136027378550785
0.22123532553854758
0.22123470504832338
0.22574359587840032
0.22566945696041318
0.2256653334020226
0.2256639650912317
0.2313144577562392
0.23131352333173602
0.2313116353156685
0.23131179530942628
0.23242967725022287
0.23243081819586037
0.23242563462878713
0.23242695749284992
0.22911288238491082
0.22912047755142476
0.2291292893159118
0.22913889064254298
0.2368550539241421
0.2489048958331785
0.24889833118022012
0.24889357158518668
0.261828487933528
0.24977224732431716
0.249773437546631
0.24977498560623812
0.2738911020281747
0.27389654174963873
0.27389953613273577
0.27390810073765304
0.2826411286450345
0.2826395138172108
0.2826401968808085
0.28264061855575373
0.2695082148438024
0.26951008458566494
0.26951318530216745
0.2695173939359963
0.2572639643892923
0.2572617565560763
0.2572411952082122
0.2572303097971092
0.24748183251256228
0.24748978039540362
0.24749236766395924
0.24749530993692412
0.22211431831469727
0.22211457535310547
0.14765552245777225
0.14765655895847252
0.145006849794837
0.14501330981259355
0.14502048298909423
0.14502912175784002
0.14416238412146587
0.1441732638067874
0.14418498659090992
0.14419673579686482
0.14331417967149404
0.14331690092749644
0.14331942833015507
0.14331493509577692
0.14241599705689023
0.14240341735079712
0.14239200914576225
0.1423809775682674
0.14149401407906317
0.1417805355591052
0.14149027426001734
0.14148857479747223
0.140601795960656
0.14060127145009718
0.14060075935159852
0.1406004133552575
0.14076437399491612
0.14059753146833562
0.14059617249123313
0.14085875318513186
0.1425856527135611
0.14235581923361096
0.2001160715257082
0.19985073806202505
0.22355690704509038
0.23561590102612132
0.23561824765462674
0.23575115691647425
0.23721348020166383
0.22517697024637123
0.2249543411845197
0.2249540014257917
0.2218696967849278
0.22186833704741935
0.22204702139027876
0.2218626849011621
0.22125884354072578
0.22125969382926033
0.22124099538911987
0.2214286742966811
0.22584159662450995
0.2258462582190681
0.2256940207739856
0.2258901473681331
0.2313374740144371
0.23125451895916516
0.23132734595977933
0.23131163567616003
0.23243911226415412
0.23235220461998554
0.23242943613175693
0.23241544061330535
0.2291035448198898
0.2290568071829961
0.22909758316972306
0.1458319624522068
0.14496945202966435
0.15702943257208385
0.1570330038723498
0.15703594097169274
0.15969188733442422
0.24978057671915962
0.24978329660235715
0.24978754651268395
0.2739037251502603
0.27390497864345653
0.2739170250436603
0.2739251939634454
0.2826469347913084
0.28265920221549834
0.28265920214238793
0.2826598932240561
0.26952504329960497
0.2695245337589607
0.26952355249213916
0.2695225155475306
0.2572702536240461
0.25726400224576035
0.2572610740384356
0.2572551902178273
0.2474925448168999
0.24749542729105245
0.24750052719576437
0.24750429433837495
0.22212239494661107
0.22212174814770833
0.2221210567767079
0.2221201927076154
0.20029626543487616
0.2002952286638256
0.20029350079780692
0.20029179578105347
0.1924433679757526
0.19244319514567906
0.1924430223329191
0.19244233161314842
0.1432320725246094
0.1432363228319659
0.14323972309497993
0.14324686252353258
0.1423629811891488
0.14236401762163822
0.14236505415616524
0.14236678187070995
0.14171620893093084
0.14148245480546037
0.14148290711199715
0.14148325227157635
0.14059557515605692
0.14059730281637703
0.14059764827935525
0.1407089976568221
0.14086838851492509
0.1405948836418466
0.14071510144321225
0.14059488360727768
0.14252652077541594
0.14235717858718425
0.14235853866317363
0.14236367207778336
0.14414062529966265
0.15631251989927641
0.1564257064956733
0.15633466584305877
0.15712193333300875
0.14497251168851205
0.14495671434579646
0.1449804615255329
0.1449217284506117
0.1450102183842446
0.14491067939301652
0.14490822843523413
0.14401547561977487
0.14401021463282712
0.14400416929886248
0.1439975645540838
0.1439852757082033
0.14397400672007232
0.14451985800158096
0.1577795666785221
0.23119672235536567
0.23119672235536567
0.23119672235536567
0.23119672235536567
0.23231816411003633
0.23231816411003633
0.23231816411003633
0.23231816411003633
0.22899762929391435
0.22899762929391435
0.22899762929391435
0.22899762929391435
0.14485011915932863
0.1569066997401596
0.1569066997401596
0.1569066997401596
0.26171476485933515
0.24965818427850417
0.24965818427850417
0.24966303428196585
0.2737889162170312
0.2737958376662336
0.27379983911884076
0.27380536525211696
0.28253960197802463
0.282537499897156
0.2825234364641559
0.28254106264060497
0.26941398181414605
0.26939671569388984
0.1511158647512661
0.15111474705233602
0.15024235606417047
0.15024287434019523
0.150246524928885
0.150246014979792
0.24743695105508598
0.24743941596879246
0.24744563474394415
0.24745046820128352
0.2220674943883474
0.2220693948926691
0.22206969818846772
0.2220696985078813
0.14496346492494877
0.1449704723042456
0.14497812209765867
0.1449862723778989
0.1441028879240604
0.14410390811436372
0.14410429738709335
0.14410533368168768
0.14322785070058716
0.1432361440338696
0.143244437430907
0.14325307644877996
0.14236712734907106
0.14236678174532644
0.1423671272959942
0.14236816397633087
0.14160326754692498
0.1414851744666179
0.14171434203887354
0.1414878946793164
0.14077662943515198
0.14060041324779587
0.1406007585831101
0.14083389497173643
0.17948754229851477
0.17949162251790754
0.17949604215580758
0.17960594000060368
0.20008912009633917
0.200133547537425
0.19986977666218864
0.1998687572632377
0.223552827743592
0.23563116696345754
0.23586368027346177
0.2358151050775965
0.23700453703386834
0.2250045315195361
0.22490402409543733
0.22491728328019464
0.22182363579796385
0.1449574168154629
0.22180825149924896
0.22177177359107583
0.22120673838898078
0.22120271492120525
0.2211674219962349
0.22114359055359872
0.2255818182227242
0.22556920521429932
0.2255619488485345
0.2255535378772969
0.2311999379881374
0.23119672235536567
0.23119672235536567
0.23119672235536567
0.23231816411003633
0.23231816411003633
0.23231816411003633
0.23231816411003633
0.22899762929391435
0.22899762929391435
0.22899762929391435
0.22899762929391435
0.23671561852345785
0.24877219910428883
0.24877219910428883
0.24877219910428883
0.26171476485933515
0.24965818427850417
0.24965818427850417
0.24965861633489608
0.2737889833874358
0.27380037478923375
0.2738081279889058
0.27381518920661296
0.28255039620131495
0.2825509975168789
0.282551861416327
0.28255309379966403
0.26942037233493604
0.2694262343998033
0.26941599583034986
0.2694152726373778
0.2571710222398182
0.25719140613771446
0.2572024599106437
0.257212398920087
0.24744426080993473
0.24744392100467952
0.14937401137094078
0.1493745215907622
0.14760818096666337
0.14761198379495807
0.14761543730381263
0.14761997295800908
0.14496520232799734
0.1449658833956525
0.14496657439397148
0.1449664015165042
0.14408792797976597
0.14409272003380427
0.14409778780010243
0.14410274209252089
0.14322068396792917
0.14322374378407923
0.14322715969101785
0.14323061509329565
0.1423522682995021
0.14235955832512007
0.14236737853737327
0.14237542206776954
0.14149061464079815
0.14170217364026527
0.14149231427827408
0.14149333427733088
0.1406111315092384
0.14061458286866535
0.140617931333116
0.14080266667133798
0.1406128541532574
0.14060671091944463
0.14060127157323554
0.1408332893391072
0.14236505460987733
0.1423667821477371
0.14236771852941646
0.14247289071290625
0.22375302717687717
0.2358051132896147
0.2356162464166693
0.23562130721837624
0.23699358321003006
0.22488566544893268
0.22494927002825424
0.2249574210499264
0.22179066860687568
0.2217750268828019
0.2217626980909515
0.22175205109818585
0.22114067745605537
0.22113718983015182
0.1440041675472133
0.14400077221832955
0.14399193166034305
0.14398582193814827
0.1439789647237119
0.14397300809388877
0.14573832157053734
0.14573572263270282
0.14573572263270282
0.14573572263270282
0.14573572263270282
0.14573572263270282
0.14573572263270282
0.14573572263270282
0.14573572263270282
0.14573572263270282
0.14573572263270282
0.14573572263270282
0.23671561852345785
0.24877219910428883
0.24877219910428883
0.24877219910428883
0.26171476485933515
0.1475069295794512
0.1475069295794512
0.24965818427850417
0.27377990320085
0.2737897877832638
0.2737974724319855
0.27380474689865386
0.28254142988933345
0.2825428897564238
0.28254437584529335
0.2825486595114159
0.2694156977326677
0.26941969249282766
0.26942269061008
0.2898814979211239
0.28275537623103525
0.8479327735744536
0.2827704628758055
0.28277934485319295
0.252557006344801
0.24744808542522323
0.24745047273442955
0.24745271881142086
0.22207460296369247
0.2220764788738749
0.2220792433205711
0.22208062552475696
0.20026697757287815
0.2002750134615109
0.20028313409719728
0.2002912547593387
0.19244063190408472
0.1924396120689496
0.19243791234977112
0.19243645705060744
0.18239071503750612
0.1823944878277044
0.1823979433582466
0.18240142417556304
0.17735659830161382
0.1773581145939159
0.17735936325232796
0.1423578586985885
0.1414797964636617
0.1414875544997546
0.1414950342531265
0.14150294949764008
0.17450127086847678
0.17450354407786872
0.1745059246736868
0.1747194896053504
0.1795106616802857
0.17969772705103568
0.17951610093650694
0.1795195191114341
0.1998881361339934
0.1998826973319953
0.19987725755213118
0.19987215737805264
0.22357560639503937
0.2356274272619125
0.23562028821485723
0.15629372206295672
0.15706615084930686
0.14507522323605215
0.14499588604300903
0.1450992836570291
0.14505762288664956
0.14498039715178546
0.14498288111276858
0.14505536938005495
0.14416309823570372
0.1441016185817115
0.14419918674629037
0.14410152977988228
0.14410706111258179
0.14431320547707818
0.14424485588570726
0.1441045870487132
0.14586588271595652
0.14585568470512858
0.14584518037028543
0.14583550518351776
0.1458247919388147
0.14581918748247102
0.1458164676971925
0.1458143833280645
0.1458038035661413
0.14579849141351953
0.14579645570223326
0.14579559174631723
0.14492355465545848
0.15698134166364075
0.24883975692229618
0.2692973373907142
0.2873508426127494
0.8404690074398784
0.27529695937517534
0.27530051464930383
0.2789659165074975
0.27386160987692737
0.2738717771573753
0.27388306078841385
0.2826195396625278
0.28262104233801605
0.2826236193585304
0.2826261693741214
0.2694946158710104
0.26949555087885774
0.2694980156654583
0.2694993753984053
0.25725818472764694
0.2572627930889727
0.2572673640410642
0.2572717837486218
0.24750429431224752
0.2475056268883777
0.24750602236185792
0.24750809551877595
0.22212715443292888
0.22212613463808908
0.22212647518822748
0.22212485878364108
0.20031008867032538
0.20031838192121332
0.2003264743147932
0.2003346237799197
0.14415694488628283
0.14415630529400528
0.14415492236410454
0.1441538852695723
0.14327035494399462
0.1432720826292402
0.143273119253682
0.14327519260442545
0.14238855243112652
0.14238777730154947
0.14238682576854217
0.14238509744798689
0.1414977658515299
0.14149537366813303
0.14176891878191614
0.141578820115599
0.14060943043899227
0.14061354460825093
0.14081235105835743
0.14072587332862854
0.14061589049776865
0.14061113110289727
0.14060739098913327
0.14060399132552884
0.1423728187460906
0.14264171235515527
0.14253911625421142
0.14237757770752563
0.14415664984746468
0.156455696021043
0.15621288446126863
0.1563528321240669
0.15708620885794183
0.14522121099703042
0.2249571892405449
0.22509838219589337
0.2218465967689991
0.22186357689125205
0.221915896990566
0.2220620401085392
0.22125034934451765
0.2212844258737606
0.22126037754548228
0.2212171111854303
0.22566687896448256
0.22566404598926865
0.2256566616386329
0.22570512245536417
0.23129499627125563
0.23128987688720581
0.2312818465978981
0.23127326498254017
0.23235286185216034
0.2323647906549354
0.1457841819651968
0.14575386902762527
0.14576256149552447
0.1457574932072345
0.1457560363884156
0.14575595139939665
0.14488234307493464
0.15693836210303796
0.24879384008651104
0.24879634542506884
0.2617434273973208
0.24969408751592898
0.24970170954874832
0.24970681452792576
0.273833985104181
0.27383993226821296
0.2738450060589267
0.27384983862194245
0.28258749786271403
0.28259081127749863
0.15292016446367826
0.2825998796328007
0.26945996846447134
0.2694580677674851
0.2694584132608378
0.2694601410249019
0.2572177268286553
0.2572243108182234
0.25723272877271963
0.25724076110985006
0.24747536895639488
0.24747457610629667
0.24747876862979867
0.24748114841021537
0.22210274185270895
0.22210505586635726
0.22210446969766134
0.22210827076885548
0.20029111602607452
0.20029557438980572
0.20029972106185795
0.2003014488200898
0.14412736551392177
0.14412848602017855
0.1441290042031383
0.14412940537718744
0.1432485842747878
0.143251694226036
0.1432563815033069
0.14326012191158624
0.14237611309533224
0.14237723794520696
0.1423785979328794
0.14237995776138954
0.14149027461221805
0.14148585530455696
0.1416137969081006
0.14147703227000108
0.140593156309542
0.14059488392788508
0.14059651148992808
0.14059821229987582
0.14060229237988048
0.14060875171545295
0.14061596435636672
0.1406247301271102
0.20009676931027034
0.19987283683773477
0.1998464965825018
0.19986481124488836
0.22357186598597514
0.235625047291158
0.2357814490235186
0.23571447527260583
0.23698474317608356
0.2250867732245514
0.2249522022927745
0.2248949012211101
0.2217921894248115
0.22180738649962248
0.22178247068288123
0.2217813330657372
0.2211720007989152
0.22116873913523577
0.2211649526109382
0.22115962367879693
0.22560052623946317
0.22559730017502952
0.22559487417007437
0.22559449172963073
0.23124291712793466
0.23124218013115666
0.2516995378706096
0.2568129918504542
0.8230998487661175
0.25792189685101125
0.2374629387420638
0.23234598212639185
0.22902717512496412
0.229028057480277
0.22901331086025048
0.22900988981536274
0.2367531863099018
0.24881299671525112
0.24881401664706598
0.2488141866140712
0.26176197953206976
0.24970981867171052
0.24969770692132603
0.24969675800873428
0.2738105529647492
0.2738081466746788
0.27380418159457076
0.27380053962105744
0.2825581923056305
0.2825699876176044
0.2825614077570955
0.282559247945541
0.2694323231429316
0.2694324958962701
0.26943837046387037
0.26944327845735216
0.25719647829482284
0.2571964783225881
0.25719488953352604
0.25719437113095733
0.2474279415428378
0.24742714702852683
0.24742624164163304
0.24742522179503593
0.222060583108773
0.2220659583286742
0.2220657883199244
0.22206645758008833
0.14495620742106702
0.14496044240354586
0.14496435261423643
0.1449676117441072
0.14408028017082336
0.1440770490179929
0.14407457819329017
0.1440723318851231
0.14318707387908675
0.14318724658635276
0.14318724652780548
0.1431872464845877
0.14230482174516462
0.1423078820023982
0.14231131953521212
0.14231502166067356
0.14142499866959637
0.1414217689090576
0.1414189774924994
0.14141707668071288
0.14053123536113582
0.1405310656113149
0.14053095512976296
0.14067620808706494
0.1406364650543727
0.1405417747789241
0.1405485787947175
0.14055687212296775
0.1423199581305948
0.14241294949857924
0.14231655114708777
0.142316502487747
0.14425677248653557
0.15615453794756734
0.15633399446215554
0.15616968880534304
0.15703974182180644
0.14497625108387385
0.1449730213781723
0.14497013182349885
0.14496014209964012
0.14503752943798284
0.14493409404026375
0.2217846443643242
0.22116064042836608
0.2211492002875986
0.22115481085052985
0.221149426907019
0.22557787204874907
0.2255658574949233
0.22555571580942513
0.22557206943343197
0.23119672235536567
0.23119672235536567
0.23119672235536567
0.23119672235536567
0.23231816411003633
0.23231816411003633
0.23231816411003633
0.23231816411003633
0.14573572263270282
0.14573572263270282
0.14573572263270282
0.14573572263270282
0.14485011915932863
0.1569066997401596
0.15691308497033468
0.1569187932463212
0.15958517273941952
0.14753938384491705
0.1475518068262106
0.1475615926087227
0.15111004819686266
0.15111095667865876
0.2738276530317105
0.2738299054182474
0.1528922707519521
0.15289715601689063
0.15290126785362132
0.1529054731358924
0.15114351781562027
0.15115269721747918
0.15116210709943212
0.1511720760617483
0.15027432076566913
0.15026573380608035
0.15026153484826366
0.15026015249944644
0.14938149012482688
0.14938828985639055
0.14939587189481096
0.14940299416228392
0.14763617089428094
0.22209672641098732
0.22209928618642616
0.22210267609209014
0.2002812574024219
0.20028295778237165
0.2002843447073677
0.20028589930546353
0.19244267743373783
0.19244811235682924
0.144125666962956
0.14413144637274025
0.14324962162139956
0.1432534224708196
0.14325672174028845
0.14326046202604675
0.1423747309016327
0.14237451828955813
0.14237417863500706
0.14237369425717755
0.14171993583372158
0.14159798597347933
0.1415099932530379
0.14151747296687103
0.1406332421184836
0.14063496979141166
0.14063662969941468
0.14091413308826198
0.14063427928512992
0.14063186938338304
0.14062880955022766
0.14062676987237943
0.14239117773939391
0.1423882082600227
0.19987555679006822
0.1998718169942688
0.22355793856022135
0.23563116651940452
0.2356267470627761
0.23560532865820752
0.2369917716654963
0.14502482282601897
0.14498106078818587
0.14497254855213146
0.1449438401848409
0.14495326691432125
0.14494124923074694
0.14490570887395798
0.14401119912236515
0.14400663348706752
0.14400106346149888
0.14399435304072872
0.22555644405957867
0.22554517890378878
0.24075391096649126
0.25555615155168826
0.23119672235536567
0.23119672235536567
0.23119672235536567
0.23119672235536567
0.23231816411003633
0.23231816411003633
0.23231816411003633
0.23231816411003633
0.22899762929391435
0.22899762929391435
0.22899762929391435
0.22899762929391435
0.23671561852345785
0.24877219910428883
0.24877219910428883
0.24877219910428883
0.26171476485933515
0.24965818427850417
0.24965818427850417
0.24965818427850417
0.27377210884184816
0.27377210884184816
0.2737827463500254
0.27379557536932814
0.2825336614707164
0.2825340459912851
0.28253692054293805
0.28254037145568883
0.26941176204179645
0.2694166863227169
0.2694230360530317
0.26942919116286207
0.2571838219554807
0.2571856654397623
0.257187592488438
0.2571887988465242
0.24742887641590577
0.24743645770290806
0.24744347488346916
0.24745168198429296
0.22207146806878247
0.22207198638115885
0.22207025853779813
0.2220723319018056
0.1449640118980117
0.14497115164483626
0.1449778052722952
0.14498458083797186
0.14410084762581743
0.144100848182957
0.14410084856898667
0.14410066924876225
0.1432214582664308
0.1432285419988005
0.1432354530347675
0.14324278220834197
0.14235683894764573
0.14235649911035703
0.14235581928805457
0.1423551394821346
0.14156249287590886
0.14147327567526324
0.1416011195605018
0.14147701585644346
0.17447056695368915
0.1745909010695717
0.17446567804993227
0.17455785896762463
0.17946408398880023
0.17946408467806033
0.17944742584835266
0.17956702538319522
0.2000539701648249
0.19983820296667987
0.1998400286205849
0.1998422386260235
0.22367655603364128
0.23559689494772382
0.235591048631799
0.2355883289241584
0.23698007729216447
0.22492073205986624
0.2250482118078787
0.2249160081516831
0.22182483219284593
0.22190247545313954
0.22180877651406067
0.22180028372447239
0.22125337266540243
0.2211987819312336
0.22119509732158815
0.221192717586208
0.22561650534157546
0.22560511605519334
0.225598444014887
0.22559937741822955
0.231250662352868
0.23125014965152255
0.2312525311919363
0.25171037471708974
0.25795219753753096
0.8231240631241395
0.2579486277211334
0.2579472677983187
0.23417478697612132
0.2290661375982627
0.22906907483992087
0.22907244404150592
0.23679769007439888
0.24885686234170437
0.24885991375637354
0.24886297376912325
0.26180349977787204
0.24975218890966974
0.249756843246998
0.24976254492725422
0.2738605035962041
0.2738517617054228
0.2738420857924183
0.27384139460419626
0.28257687222513717
0.28258006835067473
0.28258520186860997
0.2825918315670278
0.2694561673607904
0.26945478499498143
0.2694525387424866
0.2694511564212925
0.25719477835540766
0.2571874688366879
0.25718262410020826
0.2571794254332675
0.24741629726477193
0.24742369181491272
0.24743500860963802
0.24744987009773717
0.22206887638793116
0.22206853077935074
0.22206801240058116
0.22206766681045997
0.20024183901972262
0.20023926913131632
0.20023637944374703
0.20023475516789146
0.19238895555304603
0.19237857530999705
0.19239395283958105
0.14406752954384153
0.14316340286799872
0.14318379579665197
0.1431841365822062
0.14318448207354378
0.14230108217369397
0.14230302568300968
0.14230482205965383
0.14230686198743225
0.14153760674065477
0.14142295854672382
0.14162556201428406
0.14142703842685797
0.14054279503100897
0.14054415497450753
0.14054551482113173
0.14054721456050337
0.1405484058995257
0.14055065187405802
0.14055333383166888
0.14055571382175075
0.1423191011569963
0.14231536138514642
0.14231201030482402
0.1423085616486928
0.14408962792679667
0.15628742875385018
0.1561494732948963
0.15614930045410538
0.15702042252519935
0.14495845346639566
0.1449562072605634
0.1449540675453471
0.1449917053792363
0.14494344341943022
0.1450050295568725
0.1449393193166026
0.14412342057327385
0.14406023703575888
0.14406075531941404
0.14416963331714341
0.14417345756763342
0.1440583497186898
0.14405579996619516
0.1440529103509646
0.14582122777163056
0.14581850803417135
0.14581612813795242
0.145814428306909
0.14581027045851366
0.14580626875553793
0.14580388886367238
0.14580218897038455
0.14578162008693463
0.1457726982476143
0.22901968555470903
0.22902907752476864
0.23675633121961925
0.248814101716189
0.24881733152595897
0.24882141133077715
0.26175989734582816
0.24970725471541128
0.24971083990952586
0.24971667127605618
0.2738311047591581
0.27383339026636405
0.27383521803866673
0.2738376399831367
0.28255484208477155
0.2825682163431195
0.28250853630739814
0.2825389645655536
0.2694198947696387
0.15112380622511012
0.15113096123045702
0.15113383437870792
0.15024720511268536
0.15024788513909995
0.15024771491078695
0.15024652495041138
0.149358711666219
0.1493600716457121
0.14935973169251474
0.14935908518496796
0.2220450326262746
0.22204827953240813
0.22205014954452731
0.22205177131747572
0.20022913993100766
0.20022907008060636
0.20022907005468604
0.20022890004929736
0.19238181599307427
0.19238334615438085
0.19238496837580066
0.19238674586677512
0.1431765345475877
0.14317988631541154
0.14318294612827523
0.14318724690318524
0.1423031983324773
0.14230423492245511
0.14230567180191778
0.14230703178921786
0.14142398774394105
0.14142771798219653
0.17199347709906554
0.1721270798346138
0.1405320852238892
0.14055095439489762
0.14055163459990042
0.1406505902219496
0.1405468745023776
0.14054381466576024
0.14054075503761976
0.14062996026430694
0.19979725363201625
0.19979804127859976
0.19979923136264477
0.19980053661397215
0.22350217040591203
0.23555654117812017
0.23555773117681286
0.23555671128606137
0.23695210557011792
0.2248928051209093
0.22489008541387467
0.22500885034346046
0.14512723010079423
0.14495415293436573
0.14495372791085334
0.1450105037742447
0.14406667952344498
0.14422132461752873
0.14406310980480116
0.14422555278992583
0.1441920533885155
0.14406248325939164
0.14406282874537985
0.14406259972802193
0.14583161697458843
0.1458271771481411
0.14582729737465647
0.14582487833018218
0.1458242873076688
0.1458236075843588
0.14582309782873928
0.14582263269152954
0.14582418756155588
0.14583144428985015
0.14583299920297335
0.14583397682235946
0.14495534388216863
0.15701417047373328
0.24887368299109508
0.24887011340595724
0.26179500032973807
0.24975338774064046
0.24975304200971699
0.2497528691015291
0.2943027762628455
0.2994097417103005
0.8645797355856362
0.29942220615057696
0.30815871874122913
0.2876977633416057
0.28258214193116227
0.28258010202880407
0.2694507582675855
0.2694572179710529
0.26946350762246685
0.2694698173023187
0.2572189170802559
0.2572185770173974
0.2572180670070041
0.2572209796359046
0.14939372939234524
0.14940564973105186
0.14941791716129274
0.14943129695580384
0.14765655895797827
0.14765312041105488
0.14765074064240538
0.14764239082473257
0.14498316134947073
0.14498005119837087
0.1449778049777294
0.14497625106955161
0.14409375648418685
0.14409574743428924
0.14409755798310475
0.1440996312581794
0.14321713778342574
0.143220247801724
0.1432227231309849
0.14322578300355845
0.14233847962957002
0.14233643989590095
0.14233429906688824
0.14233202038923623
0.14144777721796148
0.1414487973271179
0.14144981731127437
0.14145117716784147
0.14056744341484279
0.14056931303985729
0.14057169298527838
0.14057380506310557
0.14057509269826024
0.14057815295266263
0.14073505860055974
0.14068147265265407
0.14235241972855503
0.14257454381909107
0.14260578606205054
0.1424893914857565
0.1441314452991499
0.15618632603113924
0.15618428634605633
0.15618326666477714
0.15705425610760237
0.1449915507238326
0.1449844775959793
0.14497710654841944
0.14496673992536643
0.1450673786586354
0.14495154252792417
0.1449932850441968
0.221183028230913
0.22125535446146116
0.14402294491023196
0.14403196547528654
0.14401560986597722
0.1440065170371061
0.14400317413161837
0.22557312963165152
0.23122302863707261
0.23122104147456254
0.2312207390997769
0.23122162583389347
0.2323525020431434
0.23235505319121919
0.2323559170863723
0.232357346763552
0.22903630200168543
0.2290334121737417
0.22903028521633725
0.22902792999174898
0.2367502614424788
0.24880671242027655
0.24880806694693525
0.2488069283887858
0.2617507524429946
0.24969940052622025
0.24970527140673962
0.2497049739136377
0.15111646939222634
0.2738336875477493
0.27383823480693387
0.2738403149150103
0.2825755866208246
0.28257173149238657
0.28257263855812076
0.28257298408660236
0.2694427292513174
0.26944565835551776
0.2694501197507276
0.2694539878752875
0.2572035286542403
0.2572056577541431
0.2572057748382022
0.2572056577625847
0.14937265114708764
0.14937696855888186
0.14938094235747298
0.1493865902882613
0.14761929323092815
0.1476209930403949
0.14762476741422206
0.14762891400279862
0.14497523148026756
0.14497694129632574
0.1449786313793298
0.14498005168167555
0.14409574785756873
0.14409676794834392
0.14409755835810845
0.144098249269329
0.14321932377033605
0.1432254434627603
0.1432322434649878
0.14323890948782778
0.14235513947385933
0.14235745245383596
0.14235917991308428
0.14236108029334169
0.1414784139638752
0.14148211492327273
0.14148532613781187
0.14148857479156565
0.14060331161799877
0.14060331180032504
0.14060331192104003
0.14060365195134875
0.14060467186519685
0.14070688656159752
0.17975443928477078
0.17949604193011276
0.20017297438397233
0.2001024744872092
0.19987147651072615
0.19987215679805048
0.22357594599006939
0.23562878686152353
0.23588946030877897
0.23561831999758345
0.2370061621457748
0.22503805147313963
0.22504559220441095
0.22493364680175731
0.22190890305823177
0.2218948986006788
0.22188010982737158
0.22190698177965526
0.22124015879174436
0.22125058095009387
0.22121517939491067
0.22122968151014508
0.225604669774153
0.14402120722035466
0.14401542890808194
0.14401053337165626
0.14578381368720725
0.14578212975706353
0.14577723771430703
0.14577402530048691
0.14576516042295917
0.1457587726454215
0.14575517388834375
0.1457507715002315
0.14574420086348563
0.22899762929391435
0.22899762929391435
0.22899762929391435
0.23671561852345785
0.24877219910428883
0.269238764265517
0.27435540555582405
0.8524829108676882
0.2752413907300394
0.2752419856937323
0.25479503411564725
0.2738031410455093
0.273807857721166
0.2738111168159131
0.27381475730801863
0.28255098361507314
0.28255514178361857
0.28255825441353133
0.2825606348149996
0.2694285467472985
0.15112476292489307
0.15113076846053225
0.1511385436681023
0.15025757430340764
0.1502596341860801
0.15026032523841248
0.25721285868299704
0.2474465848887981
0.24744834012659236
0.24745194115166882
0.24745632971088619
0.147617510225925
0.14761946264341533
0.14762099260050285
0.14762218247755624
0.14496809208197892
0.14496916643957927
0.14497003016533214
0.14497047191985074
0.1440865001858099
0.14408632724068943
0.14408639825736635
0.14408632728002188
0.14320055089196435
0.143200624731626
0.14320158767651206
0.1432023246298417
0.1423187610301499
0.14231978529389136
0.1423209946721416
0.14232254963639426
0.14143763724318015
0.14143859708332357
0.14143910735507487
0.14143995786586924
0.14055418472580053
0.14055410823237774
0.14055401426735875
0.14055401430751605
0.14055030672404917
0.1405485786409516
0.14054687419177173
0.14054494998701184
0.14231264151189713
0.14231298179016116
0.1999246120693575
0.19990146305360199
0.22347465717496026
0.2560139266552272
0.26112429281073873
0.8263901215014272
0.26251134314866403
0.22999907687253465
0.22488634865145382
0.22488842193114592
0.2218077398792079
0.221810029846842
0.22180968995665176
0.22180992309288808
0.22127745816450037
0.22125323792970336
0.22119259801210583
0.2211868600989955
0.22561328079017123
0.22560695752437585
0.225597534237014
0.2255873400699138
0.2312285989009268
0.23122071028115232
0.23121753189250352
0.23121499621675606
0.23232798029603585
0.23232359054922055
0.23231816411003633
0.23231816411003633
0.22899762929391435
0.22899762929391435
0.22899762929391435
0.22899762929391435
0.23671561852345785
0.24877219910428883
0.24877219910428883
0.24877219910428883
0.26171476485933515
0.24965818427850417
0.24966220686283322
0.24966850209151592
0.27379528406692966
0.27380352775826083
0.27381092722938316
0.27381440790074524
0.1528720147928015
0.15287821832547538
0.15288018715262613
0.15288151648030684
0.15111408074583485
0.15111861435585708
0.15112226917409755
0.15112579977007068
0.15024287305962078
0.15024484330353133
0.257195148688229
0.257193939158626
0.1493651713418082
0.14937316706216383
0.14938081043254625
0.14938914001531603
0.14762099290107217
0.14762286299286537
0.14762511328669792
0.14762701362182362
0.1449707213458111
0.1449691661595948
0.1449679565812535
0.1449664014689268
0.14408408079995036
0.14408588810743173
0.14408792815085303
0.14408996800628995
0.14320997428802287
0.1432169442398522
0.14322442388175607
0.14323234323194844
0.14235088625664702
0.14235468727255454
0.14235853845172838
0.14236228969329992
0.1414791050355098
0.14171436654564395
0.14148347468941216
0.1414858553789915
0.14080715426740534
0.14059626673588665
0.14059453858397236
0.14079452551679278
0.1405900512030785
0.14058869128954396
0.14058733148730493
0.14058597175284387
0.14249931167324573
0.14254492013839548
0.14235751852750278
0.1423592185489009
0.1441419852583537
0.15620196617664261
0.15637515281431597
0.1563550497130073
0.15707810014177356
0.14527839623867156
0.14501602892973212
0.1450150090693881
0.14500990969580818
0.14508128936688627
0.14499836657704462
0.14499223060662816
0.1441062873464604
0.1441046151137082
0.22129895434102642
0.22129786030209594
0.22575314448948025
0.22565560304723048
0.2256482935087873
0.22564545694176677
0.23131053077378422
0.23131308684750537
0.2313112004975111
0.23130866110128062
0.23242681633234383
0.2324232181012671
0.23241872365969238
0.23241474952853533
0.22909265957481534
0.22909129350204055
0.2290926594869815
0.2290931777773252
0.23682118831751273
0.24887742329483187
0.24888105168276137
0.2488831250401017
0.26181757003404443
0.24975949786305754
0.24976187782829135
0.24976323772161857
0.2738789745362193
0.2738802703513081
0.27387699216177863
0.27387992473925427
0.2826165249611193
0.2826194158224952
0.2826215357204301
0.28262361899477345
0.26949019563917814
0.2694898598894051
0.2694908759159251
0.2694912162703384
0.25724560611428726
0.2572472432157501
0.2572484955237867
0.25725002529521146
0.24748131448035154
0.2474808083227388
0.2474823384717102
0.24748459755157493
0.22210377870400963
0.22210377853369973
0.22210335603288803
0.22210308754328215
0.20028036969248175
0.2002805767464272
0.14498849088329097
0.14498886367496194
0.14410764713434548
0.14411070691047861
0.14411310849888626
0.1441165639714989
0.14322802307969773
0.14322491292855838
0.14322204320802734
0.14321903852371926
0.14233745975805248
0.14234138304914443
0.17734899593461403
0.17735383375017724
0.14146103610059646
0.14160038372544942
0.1414535565597454
0.14145049673910437
0.14056568406890657
0.14078452811503905
0.14056795270831632
0.1405693125557083
0.14056914247881616
0.1405705214535056
0.14057173087744948
0.1407049810317201
0.14234017927849166
0.14234051924991925
0.1425608563329302
0.14234155547772984
0.14412056611964388
0.15618190702660129
0.15618020741390734
0.15617680800893988
0.15703912279372487
0.22505412717359524
0.22499396890790518
0.22496367447956034
0.22180612059121205
0.22178555190558583
0.22180476103793978
0.2218579400147117
0.22116751707707497
0.22132090078513736
0.2211946535300353
0.22125485230771882
0.22575479750783262
0.22554618803668627
0.14405422870466283
0.1440272143169305
0.14581373389626204
0.14579407985709603
0.23125301772562706
0.23125473398713672
0.23236966275760493
0.2323659383763067
0.23236256911147543
0.23235902706861442
0.22902622472092704
0.22902240524107165
0.2290217324044064
0.22902203476932276
0.2367511252441645
0.2488109022860448
0.2488152650245465
0.24882014610727043
0.2617620219176104
0.24970703844131015
0.249708968632659
0.24971157399310726
0.2738287483737035
0.27383033643276794
0.2738318482544613
0.2738324742208957
0.2825737615591358
0.2825630334800502
0.2825615804386409
0.2825635058552139
0.26943304669700424
0.26943335983797917
0.2694515019379519
0.2694580676157792
0.2572138953578711
0.2572172168203381
0.2572211522500725
0.25722391671016964
0.24745798847267095
0.2474583340040175
0.247458029492197
0.24745853955002126
0.22207958891549243
0.22208062554746477
0.22208193724176262
0.2220825263895952
0.20026585596503432
0.2002710572932533
0.2002780269743772
0.2002841709520199
0.1924375724015776
0.19243995236001618
0.19244182215099295
0.19244405935865952
0.18239615527769895
0.18239751618580335
0.1823985362418109
0.18239955578543532
0.1773590183517409
0.17736662033956516
0.17737353133800182
0.17738089339209173
0.17205501350197513
0.17205637343926028
0.17205875313068053
0.17231365495101533
0.14061561784960142
0.14070964978487438
0.14078103702328268
0.14061963003865227
0.14092894008035445
0.14073673748003435
0.14084824824330777
0.14062302985903768
0.14252784908586041
0.14258874801170712
0.14237825751168134
0.14237485804667876
0.2235742463557594
0.23563014695364928
0.23561590140096975
0.23562912673975847
0.2370051426525436
0.22491624044406727
0.22498986021258927
0.22498095195338474
0.14500803302760468
0.1449789955095541
0.14497673442285827
0.14495835312301403
0.14406176975296361
0.14403404620782248
0.1440269018759588
0.14402383761388654
0.14401931645026547
0.14401644746144102
0.1440120595803534
0.14400744692854198
0.1457798108943468
0.14578161979256715
0.1457804083838151
0.1457785663686949
0.14577991999929035
0.14577900469680444
0.14577881510976864
0.14578004144847542
0.14578535975927218
0.14578868059761407
0.145789112506048
0.14578859411581122
0.14491072054739787
0.15696812396013157
0.15697058606168912
0.1569739227689578
0.15962657628781024
0.14757310517166772
0.14757582645905684
0.14758131226088467
0.15112852082729678
0.15113280267579038
0.1511366331111684
0.15114025761696845
0.1529148097469179
0.15291909042812082
0.15292296932599708
0.1529275028181318
0.15115750522108154
0.15115825153359913
0.1511591569523242
0.26947102660123506
0.2572252066837739
0.25720786774151255
0.25723319637380654
0.2572275457154533
0.24747112039227348
0.24747094897503782
0.1494015030550188
0.14936636118077967
0.14762286669081479
0.1476339121540652
0.14763478894772028
0.14763496147191618
0.14498350712104763
0.14498781094971527
0.14499291093840957
0.14499836676910058
0.144115636781598
0.1441179467137809
0.1441202267219511
0.14412105716429774
0.14323735388178713
0.14323856308503358
0.14323870261184932
0.14323904303218785
0.14235411975251927
0.14235434254107948
0.14235479939701293
0.142355379009434
0.1414705556290152
0.14163287220856324
0.14147327545861244
0.1417014861237353
0.1405886916230685
0.14058801163376675
0.14058767167009756
0.1405869917617024
0.14058733178188432
0.14077301851657764
0.17957805430960427
0.17947428306411714
0.20003513484234534
0.19984903797385714
0.19998558474040412
0.19985073794757965
0.22355656699982482
0.235762676635701
0.2356094077076656
0.23560587971905156
0.2369961458969532
0.22490164423845718
0.22493394250722432
0.2250065069915753
0.2218265733161234
0.2218121830876366
0.14500817627053114
0.14496657508017968
0.14409280180538564
0.14405395056837195
0.14405032159171033
0.1440433059103696
0.1440329656333433
0.14402807087403266
0.14402490314879957
0.14402077000642638
0.1457868895172487
0.14578042994394805
0.14577317325814065
0.1457722066863632
0.14577737011529002
0.14577703013174798
0.1457772001196753
0.14577737010321326
0.1457823738738791
0.14578392889402095
0.1457864645197661
0.14579036504789822
0.14492166790491004
0.1569862586296489
0.15699222702788668
0.15699940073613877
0.1596544919260527
0.14760236305638366
0.1476070567059019
0.14761224037131807
0.15115499974774926
0.15115707306856577
0.15115953754884096
0.15116234296966682
0.1529340021825998
0.15293528544180748
0.15293682796747374
0.15293828568045678
0.15116340668620895
0.15115957869551241
0.2694669070461264
0.2694612975458229
0.25721596915681666
0.25721804242045776
0.25722028849051437
0.2572227073585966
0.24745626075297325
0.24745802959261784
0.2474600694837298
0.14939270938009147
0.1476252853089543
0.14762745214341463
0.14762932223250727
0.14763098740709746
0.14497694135055175
0.14497797793326955
0.14497901454139928
0.14498005117314852
0.14409824885861816
0.1441005069819732
0.14410291395134445
0.1441052668909468
0.1432203437279862
0.14322204377563597
0.1432230637203976
0.14322422233661825
0.1423357601571652
0.14233270062289047
0.14232981079228718
0.1423270424168829
0.14144335736340277
0.14144539774277756
0.14144709785084122
0.14144913773522502
0.1407196820225094
0.14056387373829846
0.14056455372367688
0.14056464768408372
0.14056251361816818
0.14070913348106662
0.14071350564809013
0.14055911811411162
0.14232998057491625
0.14233372077070186
0.1423378005237601
0.14234190192839127
0.2237443162353235
0.23559620376281054
0.23559716839770292
0.23559818860535944
0.2369935829345338
0.2250865997555121
0.22493700213231663
0.22493700208310272
0.22184997753884803
0.22184644325105898
0.22197886662918284
0.22193215594520976
0.22123290644938198
0.2213919565376713
0.22123048734250467
0.22135616025326033
0.2256650342947886
0.22565951245585963
0.22563868894405723
0.2257120237834987
0.23130330596695053
0.23130488437109437
0.23131041324138496
0.2313131776255888
0.2324308671781376
0.23242661765953035
0.23242253798814405
0.232418968196301
0.2291047545852337
0.22910596390791937
0.22910475431599098
0.22910931246033123
0.2368461707691576
0.24892079217283214
0.24894152579489218
0.24896088737967362
0.26189937353317205
0.24984279320602062
0.24984313331701513
0.24984381330682648
0.27394143572030666
0.2739352989905183
0.2739284998734054
0.151210494603727
0.15297422234176883
0.1529677626106235
0.15296430596012733
0.1529623222235591
0.15119009548481097
0.15118826098156296
0.1511863556775721
0.1511841459017381
0.1503075517441882
0.1503167316392237
0.15032546538223587
0.15033928742585176
0.1494519557287858
0.1494478087072981
0.14945126419614585
0.14944849957611245
0.14768109375411617
0.1476838582290798
0.1476804025785637
0.22213939335208172
0.20032114597307762
0.2003271539290309
0.20033293386778017
0.20033877024269794
0.19248587265762296
0.19248176952278218
0.19247735012176798
0.19247343268169825
0.18243083279509179
0.18242573347192076
0.1824440930321028
0.1824515727410951
0.14239321786463258
0.1423861349136224
0.14237961792588757
0.1423750760582469
0.1416747378627412
0.1415741421307712
0.1415963559614154
0.14147979607820566
0.14059957103502682
0.14090975495649663
0.14084139024729905
0.14061657063530336
0.14061561899564817
0.14070481450733147
0.14070445357276562
0.14062065016990496
0.14270910980709692
0.14271027155909258
0.1423904973504949
0.14239117813381644
0.14431207846315453
0.15621184854902975
0.15620162578474206
0.15618870652065173
0.15704855418855518
0.14498033137107363
0.14508223961118297
0.14496253907643375
0.22182455320206257
0.2218189837559371
0.22177131169459077
0.22176515197651836
0.2211521891814076
0.22114809540587604
0.22114412897461047
0.22113964438153189
0.2255738595339471
0.22556515429244484
0.22555752723953307
0.22555104773808685
0.23120040369679223
0.23119830007342035
0.2311968616066745
0.23119672235536567
0.23232036708833465
0.2323250911967467
0.23233004291463405
0.2323348808245763
0.2290082770184746
0.22900348331680606
0.22900171128111096
0.22900124157670138
0.23673136382656707
0.24879166100655342
0.24879312980721224
0.24879910996981358
0.26174685918804963
0.24969571501474583
0.2497016703432443
0.24970798882818146
0.27383263981766903
0.27383941332113565
0.2738439294853877
0.27383415508701753
0.2825884830709613
0.28260186067534576
0.28261180506096517
0.2826209845459033
0.2694822064050167
0.2694789766305545
0.269474896826083
0.2694706810769281
0.25722201639200676
0.2572206340284548
0.2572190867801873
0.2572137226308986
0.24745293006897912
0.24745701003290213
0.2474602397895309
0.24746317225621503
0.22208442691708782
0.2220849970742393
0.222055418930845
0.22208874647085297
0.2002610279286548
0.20025354859416875
0.1449734859653769
0.1449736585655017
0.1440989774258477
0.14410968678180117
0.14412209306479562
0.14413522436310683
0.1432492752275917
0.14324823846661475
0.14324686147274882
0.14324652151625214
0.14236125802049776
0.14236125799746832
0.14236159825293632
0.14236125795992566
0.14147443972991683
0.1415813828067202
0.14157152168964315
0.14147089538173005
0.14058563206203162
0.1405866520463076
0.14075201352759092
0.14058869176195957
0.1794739431164772
0.17972599410014733
0.17969361794215621
0.1794828885737234
0.19985379731606212
0.20008148853124072
0.2000553674506606
0.19997641358675147
0.2235548665628582
0.15619975284329596
0.15618020653291279
0.1565034318180039
0.15708450933200638
0.14527579382630268
0.14528606298988267
0.14513460987381477
0.14518575882701273
0.14500650992145828
0.1450019566164109
0.14499940341557907
0.1441966966759378
0.1442179314664513
0.14409608014298522
0.1441208588353003
0.14410973524022774
0.14402265688951635
0.1440630214870986
0.144030355870118
0.14576877052528806
0.14576259026444172
0.2312111289589049
0.2312072620673271
0.2323265520248949
0.23232618768159186
0.23232708855420675
0.2323288766045222
0.22900126851817368
0.22899762929391435
0.22899762929391435
0.22899762929391435
0.23672283217898263
0.24879325899229954
0.24879997114598854
0.2488067771647287
0.26175598732448646
0.24970442144478006
0.24971610855923027
0.24972457199668247
0.2738503793365946
0.27385746334255073
0.2738646681808478
0.2738693852832658
0.3030680720183039
0.30818685495447995
0.8733654925294847
0.3081957764175745
0.27461397649585934
0.2695046449299024
0.2695102550100405
0.2695149137943512
0.25727110401493863
0.25727722408827475
0.25728076325460125
0.25728504362457827
0.14944919175127738
0.14945057355953223
0.14945091883170053
0.14945091864088889
0.14768074827878255
0.14768143934024897
0.14768167912248606
0.14768213142544506
0.1450208282577755
0.14501602901808333
0.14501063387727123
0.14500650986242394
0.14412313032884133
0.14412294652429225
0.1441248582524327
0.1441253263431995
0.14324006309321102
0.14323994592204167
0.14323972287754927
0.1432404030654598
0.14235513967154248
0.1423553791873867
0.14235547929051168
0.14235607006591505
0.14147327528956555
0.14147599529182506
0.14147939539067317
0.14148245618456798
0.1405959222301978
0.14059549260569285
0.1408756386276331
0.14059413271975726
0.14059651326584585
0.14060006938964192
0.14060365198139502
0.14083014940562444
0.14237451841599494
0.14258688254065474
0.1426102558464926
0.14244429375275644
0.22355010730322677
0.23577221276259133
0.23562504705529316
0.23562164796460655
0.23699802551043145
0.22493071346775026
0.22492365885977303
0.22491700066162112
0.22188818769668883
0.22179581816078534
0.2217861451060867
0.22177774221042015
0.22116349793669532
0.22115848408492472
0.22115122321460787
0.22114776353300059
0.22559670163592663
0.22560514085426986
0.22561412561935898
0.22562449509786123
0.23126357102401424
0.23125345658322477
0.23124189725450306
0.23123320650344306
0.23235250470668334
0.2323479691399201
0.23234727799540353
0.2323459821137338
0.22901901113748574
0.22901413955370614
0.2290109522495363
0.22900929485113006
0.23673678439614088
0.2487936673403289
0.24879422887755626
0.2487958703051139
0.26175073224482825
0.2497041129442008
0.24971636635857652
0.24972964812231888
0.27385154558823926
0.27385342804351276
0.273836643053038
0.2738540675385104
0.2825951865952353
0.2826008405997524
0.2826080588750978
0.28261445174543115
0.26946204155530534
0.2694539207715392
0.269450119547899
0.2694467502857898
0.25721527751596684
0.2572236764471486
0.257226163062228
0.2572279262751709
0.14939441898825823
0.14939770175149666
0.1494012088626122
0.1494034187688889
0.14763824399260325
0.14764292101031654
0.14764734095208604
0.147652066808919
0.1450025130570589
0.14500888958624228
0.14501398960199494
0.14502082841279718
0.1441379891491276
0.14413902564840095
0.14414006222626516
0.14414109884707857
0.14325876122056433
0.14326206171155023
0.14326454097066124
0.14326760073882308
0.1423833692145744
0.14238475135200346
0.14238578797833823
0.14238717019172945
0.1415592902563704
0.14157255161192936
0.14158588948060105
0.1415994143870851
0.14116902213583976
0.14080790406325872
0.14112293724773314
0.1407172244263011
0.1407008947563618
0.14068593431328247
0.14067165280481253
0.14065873230292916
0.14244047828757847
0.14245645769419005
0.14245611839361183
0.14280109387725567
0.2236643475639216
0.23571344880709325
0.2359300116814813
0.23568488753227887
0.1571403049812511
0.14519708848122884
0.14507790702502396
0.14507552710202706
0.14515199798152306
0.14503472891275787
0.14502411159372222
0.14514229612279114
0.14412294639555748
0.1441680619077068
0.1441122447789363
0.1441124173274197
0.14411324613407359
0.14413310843438426
0.14409412748748193
0.14401658911182158
0.14575742119148705
0.14575153219782994
0.23119907805211912
0.23119672235536567
0.23231816411003633
0.23231816411003633
0.14573572263270282
0.14573572263270282
0.14573572263270282
0.14573572263270282
0.22899762929391435
0.22899762929391435
0.23671561852345785
0.24877219910428883
0.24877219910428883
0.24877219910428883
0.26171476485933515
0.24966014623928465
0.24967110063766682
0.24966673699455927
0.2738057038935781
0.2738160163710748
0.2738218858013721
0.27382682893648835
0.2825651648760385
0.2825696654759255
0.28257388091635494
0.28257822522949255
0.26945152298578895
0.2694585860554079
0.2694648366387043
0.2694705080043452
0.25722516633140907
0.2572215687244682
0.2572267365750894
0.2572296263721187
0.24746904683181048
0.24747336626733576
0.24748284834423012
0.24749142837391355
0.22211389564980377
0.2221169555255714
0.22211865527348945
0.22211916505063883
0.2003038680228918
0.20030675530864703
0.20031015537115718
0.20031321507134514
0.1924668667303592
0.1924692854862617
0.19247055069115343
0.19247327133085262
0.18243287366027353
0.14326624139947364
0.14328596012286376
0.14329592733932023
0.1424144705202621
0.14241861731292899
0.14242245660414746
0.14242653819503162
0.1415423470948278
0.14154433407817657
0.14154580245049517
0.14183133805665907
0.14066212972103945
0.1406628104727569
0.14066349078069385
0.1410330584426506
0.14066054378019127
0.1406587300890643
0.14065669128286115
0.1407695766588285
0.14242553040583675
0.142429936892826
0.1424334790213146
0.14243762525243892
0.1443224750831209
0.15640954289297593
0.15626384435785115
0.15625539169967934
0.1571100090323621
0.14503744889308284
0.14514477212236332
0.14508710358766397
0.22183663634966022
0.2218199746466632
0.2218149086679188
0.2218324280123452
0.22117079175438095
0.2211754401491429
0.1440460154846762
0.14404182401272514
0.14403319174404686
0.1440462587944366
0.14401335810154067
0.14400518587850678
0.1457703917201505
0.1457643647022512
0.14575886963496196
0.14575598978948157
0.14574987273896453
0.14574625228076
0.14573853722994556
0.14573572263270282
0.14573572263270282
0.14573898431862517
0.14574052815709498
0.14574460461706762
0.14487192040267174
0.15692964842606752
0.15693211328546133
0.15693506686413417
0.15959638211641863
0.14754673561604648
0.24969616773097472
0.24970453491553013
0.27382618182458085
0.27383166129506686
0.2738373685676593
0.2738430939609845
0.28258411809783796
0.2825908680773323
0.2825978648830475
0.2826044881151397
0.26947846625829075
0.2694863708088303
0.26949453049257327
0.2695030776963341
0.25725070490722113
0.2572455145793213
0.2572374456407751
0.2572304825610889
0.2474661892128544
0.24746788924663907
0.2474712893338848
0.24747672926793451
0.14763824473772
0.14764088175269316
0.14764292190180037
0.1476446222138676
0.14499699113681472
0.14500596935199814
0.1450150093813647
0.145024629480833
0.14413798905961409
0.14413764333303145
0.14413591540729112
0.1441348786454925
0.14324652151462297
0.1432441418059755
0.14324176223758237
0.14323942703033943
0.14235921850224442
0.1423647086602163
0.14237023753511308
0.14237553752839918
0.14148925461009326
0.1414878950948073
0.1417623104468985
0.14171384710509366
0.1406014498225978
0.14060365083608337
0.14060603103298794
0.14060841087908113
0.14082502346894188
0.1406077305659242
0.14060841059054865
0.14079758927250788
0.1425532454601558
0.142618546348313
0.14237791735767952
0.14237859755027749
0.14415699530104512
0.15640360942884707
0.1562115021605296
0.1562087645265651
0.2370150011674019
0.2248605174514545
0.2250104013403582
0.22492272284977255
0.2219261746100212
0.22181574877703886
0.22186347605992682
0.14502276817832993
0.14404186973656097
0.1440516287319667
0.14404526088840808
0.14405965120295366
0.14406089126795896
0.14402248354769626
0.14401641921219557
0.22558419569492683
0.23123256502154033
0.23122924077459078
0.23122418489475008
0.23122313648188772
0.23233877536482642
0.14576088111818927
0.14575850126913695
0.14575535646600996
0.14576815505726856
0.14578088014762022
0.14579480352646593
0.14581121343105832
0.14492942640298023
0.1569827240363696
0.15698330372863564
0.15698347521087908
0.15965510981957665
0.14761172823455404
0.1476236366410179
0.14764116510601769
0.1511967248392985
0.15120375295089156
0.15120932365536421
0.15121457367930213
0.28267325652376857
0.2826856662042307
0.28269894328132794
0.2827132044528473
0.2695681305688549
0.2695574176801768
0.2695467049439523
0.2695367727321168
0.25729320260908006
0.257296312490904
0.25729942245498727
0.2573025324528588
0.24754057820270348
0.2475454161055102
0.24754990845242128
0.24755254417432998
0.14771635747049375
0.14771737888900718
0.14771841539736807
0.14772048868791923
0.14505089226153783
0.1450391474704685
0.14502554884669067
0.14501806949693455
0.14413246562221302
0.1441307655505117
0.14412872573027377
0.14412634609546793
0.14324346256659967
0.1432451623475554
0.14324720229623852
0.14324892989733143
0.14237231096682498
0.14238129556471052
0.1423902802293503
0.1423993360192766
0.14168694086650824
0.1416758516369824
0.14152230099829735
0.14152541109009006
0.14063968935192867
0.1406393504979506
0.14075404140815342
0.14080116839342796
0.14066484963256531
0.14066088955519712
0.14096360873434335
0.14074542621066785
0.14242721672948758
0.14243401751109835
0.14244081724591126
0.14285267894823422
0.14437349919479006
0.15643731626248966
0.1563632251202216
0.1564838936818953
0.15766248426242366
0.14520577992309042
0.14564321758429088
0.14556836013927352
0.14562091761309998
0.14518060799545923
0.14518060603239683
0.14553888637887422
0.1442800406748883
0.1442677988756826
0.14435078344083538
0.14451770975228306
0.1442749169001615
0.14420330607446386
0.2258293797034428
0.22574014327094413
0.23132931522393282
0.23132872876036192
0.23132907398414398
0.23133033480530263
0.2324431072279602
0.23243444706839897
0.2324256349301268
0.2324167583174292
0.1458354183289813
0.14582989700750093
0.1458108829985762
0.14580379886778796
0.23678284938233687
0.24885064224154058
0.24885634400695852
0.24885668953173945
0.2618122139023912
0.24976289762710335
0.24976504989196438
0.24977394812824397
0.27389841293792605
0.2739018679740301
0.2739141776230483
0.273921392470955
0.28267117158818184
0.2826873655656628
0.2827041263535757
0.2827214043611156
0.15127603417830848
0.15127781008361976
0.15127849035234062
0.1512754308132638
0.15038744785133235
0.2573323012657679
0.257324141798522
0.2573156654417073
0.14950286394527848
0.1495287030650812
0.1495545917619799
0.14958224099025574
0.1478102042191118
0.1478078269783833
0.14780620311321163
0.14780412804331933
0.14512381609098812
0.1450989903595933
0.14507688943493893
0.14505648913174185
